[Date],[Open],[High],[Low],[Close],[Volume-crypto],[Volume-currency]
20140501,0.00000300,0.00000300,0.00000003,0.00000003,0.00111142,32741.80443102
20140502,0.00000090,0.00000099,0.00000090,0.00000099,0.04469027,45596.24937656
20140503,0.00000144,0.00000180,0.00000110,0.00000110,0.02793837,24476.70112598
20140504,0.00000110,0.00000180,0.00000099,0.00000180,0.01735319,16098.90984659
20140505,0.00000100,0.00000480,0.00000100,0.00000480,0.18124981,89284.91582896
20140513,0.00000165,0.00000400,0.00000030,0.00000169,0.38757216,342715.79384871
20140514,0.00000138,0.00000138,0.00000138,0.00000138,0.00013800,100.00000000
20140515,0.00000025,0.00000129,0.00000005,0.00000107,0.04406590,262951.60394122
20140517,0.00000040,0.00000040,0.00000006,0.00000006,0.03768676,165387.05685242
20140518,0.00000010,0.00000010,0.00000010,0.00000010,0.00114250,11425.00000000
20140519,0.00000010,0.00000010,0.00000007,0.00000010,0.00651140,71219.54969719
20140520,0.00000010,0.00000012,0.00000010,0.00000012,0.00226515,22351.54969719
20140521,0.00000013,0.00000013,0.00000013,0.00000013,0.00714238,54941.38907100
20140522,0.00000008,0.00000008,0.00000008,0.00000008,0.00056000,7000.00000000
20140523,0.00000024,0.00000024,0.00000024,0.00000024,0.00011885,495.24438903
20140524,0.00000010,0.00000010,0.00000010,0.00000010,0.00013894,1389.42643392
20140525,0.00000009,0.00000015,0.00000009,0.00000015,0.00902328,88402.02856500
20140526,0.00000016,0.00000017,0.00000009,0.00000011,0.05633259,560447.64259241
20140527,0.00000010,0.00000079,0.00000010,0.00000079,0.05103088,199137.55260935
20140528,0.00000011,0.00000069,0.00000011,0.00000035,0.12681901,317955.91567100
20140529,0.00000049,0.00000067,0.00000015,0.00000016,0.20040695,434058.07425452
20140530,0.00000016,0.00000056,0.00000015,0.00000018,0.04303236,157381.29716289
20140531,0.00000018,0.00000050,0.00000013,0.00000015,0.09812748,292352.04106178
20140601,0.00000015,0.00000054,0.00000014,0.00000014,0.10530648,284544.03615554
20140602,0.00000014,0.00000015,0.00000014,0.00000014,0.00245484,17499.94000000
20140603,0.00000014,0.00000014,0.00000006,0.00000006,0.09201320,682615.30384446
20140604,0.00000013,0.00000052,0.00000011,0.00000023,0.44391799,1364009.54981466
20140605,0.00000023,0.00000051,0.00000022,0.00000025,0.18207686,583558.98762108
20140606,0.00000022,0.00000039,0.00000012,0.00000014,0.04060326,244699.79954100
20140607,0.00000015,0.00000018,0.00000014,0.00000015,0.01880082,125247.86000000
20140608,0.00000015,0.00000055,0.00000015,0.00000030,0.32463773,809433.25247577
20140609,0.00000025,0.00000030,0.00000016,0.00000016,0.06368045,291338.17859525
20140610,0.00000017,0.00000018,0.00000016,0.00000016,0.01398599,85834.46922170
20140611,0.00000024,0.00000033,0.00000016,0.00000016,0.03498327,129449.20516145
20140612,0.00000017,0.00000048,0.00000014,0.00000025,0.14108974,489652.16331738
20140613,0.00000026,0.00000047,0.00000020,0.00000024,0.09179525,357744.52237035
20140614,0.00000023,0.00000038,0.00000023,0.00000023,0.01518255,60404.00000000
20140615,0.00000023,0.00000029,0.00000023,0.00000029,0.07538311,292407.38438394
20140616,0.00000028,0.00000034,0.00000025,0.00000025,0.09603524,356532.75221252
20140617,0.00000025,0.00000029,0.00000016,0.00000021,0.08805125,383030.51204215
20140618,0.00000020,0.00000025,0.00000013,0.00000025,0.13505354,803609.43350567
20140619,0.00000028,0.00000044,0.00000019,0.00000035,0.12136222,389501.85052905
20140620,0.00000028,0.00000034,0.00000018,0.00000019,0.03919922,198439.64231545
20140621,0.00000020,0.00000033,0.00000018,0.00000033,0.06668927,259831.41666667
20140622,0.00000034,0.00000034,0.00000018,0.00000025,0.02707405,123365.87214587
20140623,0.00000020,0.00000033,0.00000020,0.00000029,0.16772547,644169.60317920
20140624,0.00000029,0.00000030,0.00000026,0.00000026,0.01849291,67428.86866912
20140626,0.00000026,0.00000027,0.00000015,0.00000015,0.03811880,196313.00000000
20140627,0.00000015,0.00000029,0.00000014,0.00000024,0.04430736,263549.12666832
20140628,0.00000016,0.00000024,0.00000005,0.00000005,0.03262521,235983.26299932
20140629,0.00000018,0.00000028,0.00000018,0.00000028,0.03816760,161339.66374435
20140630,0.00000028,0.00000049,0.00000017,0.00000040,0.48219692,1226907.55039096
20140701,0.00000040,0.00000055,0.00000038,0.00000047,0.58503809,1316623.79117072
20140702,0.00000047,0.00000050,0.00000026,0.00000050,0.16756324,348252.43102975
20140703,0.00000050,0.00000194,0.00000028,0.00000165,1.66933492,2334608.73011288
20140704,0.00000103,0.00000162,0.00000045,0.00000065,1.29167663,1560008.34688192
20140705,0.00000066,0.00000095,0.00000048,0.00000059,0.43144198,737929.02056555
20140706,0.00000059,0.00000149,0.00000057,0.00000061,0.30609086,400652.05646935
20140707,0.00000061,0.00000074,0.00000057,0.00000057,0.39566176,673354.48249291
20140708,0.00000058,0.00000072,0.00000049,0.00000072,0.24552587,399175.67681382
20140709,0.00000070,0.00000072,0.00000070,0.00000072,0.00950850,13240.80953275
20140717,0.00000074,0.00000074,0.00000019,0.00000042,0.15956603,361834.69476970
20140728,0.00000150,0.00000150,0.00000050,0.00000074,4.14756007,5074283.74403479
20140729,0.00000061,0.00000130,0.00000059,0.00000129,1.26923576,1365341.21556562
20140730,0.00000129,0.00000194,0.00000110,0.00000121,1.85044558,1237573.06255557
20140731,0.00000129,0.00000235,0.00000106,0.00000132,1.96367333,1490795.20097035
20140801,0.00000167,0.00000167,0.00000054,0.00000071,0.27487716,335990.86075293
20140802,0.00000071,0.00000143,0.00000066,0.00000095,0.51395419,552030.11367025
20140803,0.00000100,0.00000165,0.00000067,0.00000094,0.99370032,1064243.08788334
20140804,0.00000094,0.00000100,0.00000066,0.00000068,0.65526518,842464.45706259
20140805,0.00000068,0.00000150,0.00000067,0.00000106,0.99870589,1004301.49863728
20140806,0.00000107,0.00000107,0.00000075,0.00000075,0.76690913,844878.90461698
20140807,0.00000088,0.00000105,0.00000079,0.00000084,0.40126617,487877.15442853
20140808,0.00000086,0.00000099,0.00000075,0.00000079,0.16996208,209686.04379312
20140809,0.00000081,0.00000081,0.00000078,0.00000079,0.06195427,78482.08054465
20140810,0.00000078,0.00000090,0.00000066,0.00000069,0.19843687,273757.88045433
20140811,0.00000070,0.00000070,0.00000068,0.00000069,0.01036057,15178.00000000
20140812,0.00000069,0.00000071,0.00000068,0.00000068,0.15420033,226606.00000000
20140813,0.00000070,0.00000097,0.00000068,0.00000068,0.08877001,116313.55292339
20140814,0.00000068,0.00000069,0.00000065,0.00000065,0.59018667,866914.91080853
20140815,0.00000070,0.00000094,0.00000070,0.00000077,0.04312738,57727.21606618
20140816,0.00000077,0.00000078,0.00000077,0.00000077,0.04887142,63456.24085100
20140817,0.00000077,0.00000096,0.00000077,0.00000078,0.05192647,61290.40641166
20140818,0.00000078,0.00000098,0.00000059,0.00000068,0.39874997,547889.17478288
20140819,0.00000063,0.00000067,0.00000060,0.00000060,0.01024855,16559.75706995
20140820,0.00000092,0.00000092,0.00000057,0.00000057,0.03467724,55969.22280225
20140821,0.00000059,0.00000074,0.00000018,0.00000074,0.52980433,1162135.11963420
20140822,0.00000074,0.00000074,0.00000043,0.00000043,0.07583138,166643.14537312
20140823,0.00000043,0.00000051,0.00000031,0.00000051,0.07588118,192393.10801168
20140824,0.00000039,0.00000039,0.00000039,0.00000039,0.04534636,116272.74068000
20140825,0.00000040,0.00000055,0.00000039,0.00000039,0.03180836,79335.38585290
20140826,0.00000040,0.00000045,0.00000040,0.00000040,0.03535018,86357.76060800
20140827,0.00000040,0.00000044,0.00000035,0.00000042,0.12637098,316329.66650430
20140828,0.00000041,0.00000042,0.00000023,0.00000042,0.21219795,722276.50901833
20140829,0.00000029,0.00000043,0.00000029,0.00000041,0.02969216,71516.52547740
20140830,0.00000041,0.00000045,0.00000041,0.00000043,0.01652682,37762.29000000
20140831,0.00000043,0.00000075,0.00000043,0.00000074,0.18720768,319581.33337187
20140901,0.00000056,0.00000069,0.00000035,0.00000035,0.15755444,367298.17633496
20140902,0.00000044,0.00000044,0.00000024,0.00000025,0.20552143,569550.15329267
20140903,0.00000037,0.00000050,0.00000024,0.00000050,0.15034909,421014.55017475
20140904,0.00000054,0.00000080,0.00000036,0.00000036,0.24334178,382358.43663860
20140905,0.00000037,0.00000081,0.00000029,0.00000073,0.20946042,447644.38458272
20140906,0.00000075,0.00000088,0.00000041,0.00000041,0.62609510,768626.57469880
20140907,0.00000058,0.00000083,0.00000038,0.00000058,0.33391539,595185.64778676
20140908,0.00000056,0.00000056,0.00000045,0.00000046,0.05301229,111308.69967661
20140909,0.00000046,0.00000070,0.00000045,0.00000055,0.67684385,1031174.55725574
20140910,0.00000047,0.00000065,0.00000044,0.00000064,0.64234044,1065758.01772133
20140911,0.00000061,0.00000065,0.00000048,0.00000053,0.05735287,104306.28988288
20140912,0.00000062,0.00000063,0.00000051,0.00000051,0.05161991,90944.07598452
20140913,0.00000054,0.00000245,0.00000052,0.00000131,5.30858365,4342583.13641426
20140914,0.00000140,0.00000249,0.00000109,0.00000190,14.92840108,7444651.62366041
20140915,0.00000203,0.00000223,0.00000124,0.00000125,3.66077919,1969591.52141419
20140916,0.00000110,0.00000155,0.00000087,0.00000090,0.52592873,503082.20741780
20140917,0.00000090,0.00000185,0.00000047,0.00000153,0.64452051,750436.80576398
20140918,0.00000153,0.00000179,0.00000092,0.00000110,0.40829066,344483.53495393
20140919,0.00000115,0.00000222,0.00000114,0.00000193,1.34876297,755177.40100187
20140920,0.00000202,0.00000210,0.00000170,0.00000180,3.06562638,1561509.05788400
20140921,0.00000177,0.00000248,0.00000175,0.00000204,1.23497012,610952.77950142
20140922,0.00000209,0.00000270,0.00000194,0.00000214,1.86734939,793422.68407900
20140923,0.00000213,0.00000235,0.00000147,0.00000147,0.54432499,339541.10056315
20140924,0.00000196,0.00000196,0.00000147,0.00000151,0.44666744,295036.27653894
20140925,0.00000151,0.00000197,0.00000151,0.00000195,0.26322703,150007.38068408
20140926,0.00000175,0.00000195,0.00000155,0.00000175,0.98318871,543543.09845712
20140927,0.00000190,0.00000192,0.00000162,0.00000180,0.34897801,194703.66574354
20140928,0.00000180,0.00000180,0.00000152,0.00000153,1.46172530,836628.65523855
20140929,0.00000153,0.00000184,0.00000150,0.00000154,0.54007637,348849.84774022
20140930,0.00000150,0.00000250,0.00000120,0.00000225,19.77928056,11536803.26065918
20141001,0.00000195,0.00000201,0.00000095,0.00000102,1.01816035,679689.28656079
20141002,0.00000100,0.00000175,0.00000100,0.00000161,1.08908340,779918.82941340
20141003,0.00000174,0.00000183,0.00000133,0.00000165,0.91414840,524480.35103305
20141004,0.00000170,0.00000177,0.00000137,0.00000167,0.70948123,439271.28423097
20141005,0.00000167,0.00000176,0.00000153,0.00000158,1.59926711,949170.56996249
20141006,0.00000158,0.00000172,0.00000151,0.00000152,0.23690820,149141.61548328
20141007,0.00000152,0.00000168,0.00000148,0.00000151,0.58503000,388191.46500650
20141008,0.00000151,0.00000167,0.00000140,0.00000140,0.47607199,324331.02651639
20141009,0.00000114,0.00000160,0.00000100,0.00000105,0.13585583,130069.54251132
20141010,0.00000105,0.00000149,0.00000100,0.00000100,0.52934363,510568.06880256
20141011,0.00000100,0.00000140,0.00000091,0.00000140,0.70201249,635985.11307525
20141012,0.00000140,0.00000180,0.00000119,0.00000123,0.90228519,583962.36691669
20141013,0.00000123,0.00000180,0.00000123,0.00000160,0.88156071,571336.52008632
20141014,0.00000161,0.00000240,0.00000143,0.00000181,3.17840816,1599395.71921212
20141015,0.00000179,0.00000225,0.00000162,0.00000224,0.76159460,382611.34031938
20141016,0.00000204,0.00000649,0.00000177,0.00000450,31.34062666,8887127.86886402
20141017,0.00000461,0.00000550,0.00000227,0.00000235,11.59651818,3107098.36699444
20141018,0.00000309,0.00000309,0.00000190,0.00000227,3.40567591,1414683.31689987
20141019,0.00000228,0.00000249,0.00000177,0.00000178,5.20036748,2757388.59577703
20141020,0.00000177,0.00000195,0.00000177,0.00000177,2.77014612,1544390.22408039
20141021,0.00000177,0.00000187,0.00000177,0.00000177,0.93577906,526046.78847122
20141022,0.00000181,0.00000181,0.00000106,0.00000149,0.73210003,551156.14184112
20141023,0.00000148,0.00000151,0.00000109,0.00000125,0.38091195,301367.47202340
20141024,0.00000126,0.00000173,0.00000118,0.00000172,0.57314296,407321.79074630
20141025,0.00000172,0.00000194,0.00000139,0.00000139,0.71338841,413692.64995931
20141026,0.00000150,0.00000225,0.00000138,0.00000180,0.91008184,480792.88748728
20141027,0.00000187,0.00000187,0.00000135,0.00000161,0.92870750,594059.36236112
20141028,0.00000152,0.00000161,0.00000135,0.00000135,0.56123363,381357.87933251
20141029,0.00000148,0.00000154,0.00000095,0.00000119,1.32041948,985772.33855794
20141030,0.00000119,0.00000121,0.00000108,0.00000109,0.17460584,159256.75920778
20141031,0.00000111,0.00000122,0.00000109,0.00000111,0.01464101,12739.00391469
20141101,0.00000112,0.00000126,0.00000112,0.00000126,0.02633804,22269.42589190
20141102,0.00000116,0.00000127,0.00000116,0.00000120,0.04341084,36301.79738902
20141103,0.00000120,0.00000120,0.00000100,0.00000106,0.15509207,140258.05633433
20141104,0.00000101,0.00000110,0.00000083,0.00000097,0.53878290,583038.59025036
20141105,0.00000093,0.00000100,0.00000072,0.00000080,0.20109440,250580.73597961
20141106,0.00000080,0.00000092,0.00000073,0.00000092,0.06328439,77515.43217613
20141107,0.00000089,0.00000090,0.00000089,0.00000089,0.09215098,103357.56867322
20141108,0.00000090,0.00000102,0.00000080,0.00000101,0.23485718,265903.00334662
20141109,0.00000096,0.00000096,0.00000078,0.00000078,0.09647472,113700.24833583
20141110,0.00000084,0.00000084,0.00000061,0.00000061,0.06127075,84410.82659065
20141111,0.00000076,0.00000076,0.00000062,0.00000073,0.08504687,126068.73457015
20141112,0.00000072,0.00000079,0.00000062,0.00000068,0.03819115,57252.90704734
20141113,0.00000063,0.00000069,0.00000058,0.00000066,0.13034274,218575.01241608
20141114,0.00000059,0.00000067,0.00000056,0.00000063,0.10071152,173946.81977643
20141115,0.00000064,0.00000100,0.00000064,0.00000067,0.28916644,374405.75685000
20141116,0.00000065,0.00000119,0.00000065,0.00000067,0.34089262,428612.52637142
20141117,0.00000067,0.00000081,0.00000045,0.00000080,0.28175953,468826.72807726
20141118,0.00000080,0.00000088,0.00000051,0.00000060,0.22016841,331633.20115263
20141119,0.00000056,0.00000063,0.00000045,0.00000050,0.15342396,316770.74084338
20141120,0.00000047,0.00000084,0.00000031,0.00000084,0.31819407,675853.66857346
20141121,0.00000063,0.00000064,0.00000050,0.00000050,1.56326971,2647944.83000337
20141122,0.00000050,0.00000061,0.00000032,0.00000042,0.50318090,1125105.95710633
20141123,0.00000042,0.00000043,0.00000033,0.00000038,0.20646135,545997.30462851
20141124,0.00000036,0.00000047,0.00000034,0.00000047,0.16146270,420663.51508455
20141125,0.00000044,0.00000055,0.00000035,0.00000035,0.08545377,191157.84425844
20141126,0.00000040,0.00000040,0.00000035,0.00000035,0.01013295,25888.29700914
20141127,0.00000037,0.00000039,0.00000031,0.00000039,0.21861776,626656.20178431
20141128,0.00000039,0.00000039,0.00000036,0.00000036,0.03986063,102333.14901853
20141129,0.00000036,0.00000041,0.00000035,0.00000041,0.20426836,511696.16722500
20141130,0.00000042,0.00000060,0.00000041,0.00000043,0.10717108,228797.41764647
20141201,0.00000045,0.00000059,0.00000044,0.00000049,0.06039881,113469.02295609
20141202,0.00000055,0.00000059,0.00000050,0.00000052,0.07800844,152719.07383949
20141203,0.00000058,0.00000059,0.00000047,0.00000050,0.10571026,191754.08825446
20141204,0.00000050,0.00000050,0.00000044,0.00000044,0.08356653,184641.12050500
20141205,0.00000044,0.00000045,0.00000031,0.00000034,0.45335426,1212056.75126055
20141206,0.00000036,0.00000040,0.00000034,0.00000040,0.01117058,30147.34215100
20141207,0.00000039,0.00000039,0.00000033,0.00000035,0.02668050,73330.11166054
20141208,0.00000036,0.00000036,0.00000031,0.00000034,0.06728666,206676.19926617
20141209,0.00000034,0.00000034,0.00000028,0.00000028,0.06616435,228441.19363387
20141210,0.00000030,0.00000036,0.00000028,0.00000028,0.03906727,129648.80077828
20141211,0.00000030,0.00000030,0.00000028,0.00000028,0.02412537,83178.39799244
20141212,0.00000027,0.00000027,0.00000026,0.00000026,0.03224874,121693.85853677
20141213,0.00000027,0.00000027,0.00000024,0.00000024,0.09915623,395436.22260009
20141214,0.00000029,0.00000029,0.00000023,0.00000023,0.05247400,221941.84143861
20141215,0.00000022,0.00000028,0.00000016,0.00000028,0.27163668,1188299.61665045
20141216,0.00000022,0.00000022,0.00000020,0.00000020,0.06744958,329137.94979164
20141217,0.00000020,0.00000029,0.00000020,0.00000029,1.75894493,7864866.11589126
20141218,0.00000027,0.00000030,0.00000025,0.00000025,0.17670476,675556.25808760
20141219,0.00000026,0.00000027,0.00000023,0.00000024,0.35761744,1381726.77329248
20141220,0.00000025,0.00000025,0.00000023,0.00000025,0.11732413,500668.04356012
20141221,0.00000022,0.00000022,0.00000020,0.00000020,0.10125908,493442.24514624
20141222,0.00000022,0.00000022,0.00000020,0.00000020,0.19221306,960631.43445435
20141223,0.00000020,0.00000020,0.00000020,0.00000020,0.02924064,146203.24524208
20141224,0.00000019,0.00000020,0.00000018,0.00000020,0.06390326,346435.82809371
20141225,0.00000020,0.00000020,0.00000018,0.00000019,0.08768119,465996.98458300
20141226,0.00000020,0.00000025,0.00000018,0.00000025,0.02954847,159395.17921169
20141227,0.00000020,0.00000020,0.00000014,0.00000014,0.28495865,1764982.62353277
20141229,0.00000016,0.00000020,0.00000016,0.00000016,0.07642048,464766.03961984
20141230,0.00000016,0.00000016,0.00000016,0.00000016,0.01315953,82247.06702412
20141231,0.00000017,0.00000025,0.00000017,0.00000022,0.08808503,454134.57852013
20150101,0.00000022,0.00000025,0.00000018,0.00000020,0.14571456,733247.63523084
20150102,0.00000022,0.00000024,0.00000021,0.00000022,1.49619365,6803689.08926265
20150103,0.00000022,0.00000022,0.00000022,0.00000022,0.00784256,35648.00000000
20150104,0.00000023,0.00000026,0.00000023,0.00000023,0.02866664,114197.44302337
20150105,0.00000022,0.00000022,0.00000021,0.00000022,0.02026641,96055.31293525
20150106,0.00000020,0.00000020,0.00000019,0.00000019,0.18961564,960277.92772203
20150107,0.00000019,0.00000021,0.00000018,0.00000019,0.11894556,637709.87699359
20150108,0.00000020,0.00000022,0.00000019,0.00000019,0.05998753,290489.99488636
20150109,0.00000019,0.00000019,0.00000019,0.00000019,0.01219106,64163.59477700
20150110,0.00000020,0.00000029,0.00000020,0.00000021,0.58250033,2324361.43602132
20150111,0.00000021,0.00000048,0.00000021,0.00000045,0.87573133,2531426.21634264
20150112,0.00000036,0.00000036,0.00000029,0.00000029,0.00813701,24212.28420712
20150113,0.00000028,0.00000029,0.00000028,0.00000028,0.04792025,171059.59892211
20150114,0.00000028,0.00000028,0.00000025,0.00000026,0.01269656,50000.00000000
20150115,0.00000027,0.00000028,0.00000025,0.00000026,0.10303781,393504.72799413
20150116,0.00000026,0.00000031,0.00000026,0.00000026,0.01718978,60370.27200587
20150117,0.00000029,0.00000041,0.00000026,0.00000041,0.37200188,1030193.71549022
20150118,0.00000026,0.00000033,0.00000025,0.00000033,0.04449464,168946.60123966
20150119,0.00000033,0.00000033,0.00000029,0.00000029,0.07346105,250352.88153765
20150120,0.00000028,0.00000029,0.00000025,0.00000025,0.00316355,11543.86964958
20150121,0.00000025,0.00000030,0.00000024,0.00000026,0.04313337,163841.89252575
20150122,0.00000026,0.00000035,0.00000026,0.00000029,0.05963788,195075.38648510
20150123,0.00000030,0.00000036,0.00000030,0.00000036,0.00419872,12963.71263025
20150124,0.00000031,0.00000031,0.00000029,0.00000029,0.07334151,244013.00000000
20150125,0.00000029,0.00000029,0.00000029,0.00000029,0.04739310,163424.52710925
20150126,0.00000029,0.00000029,0.00000027,0.00000027,0.02650972,95494.29844524
20150127,0.00000028,0.00000030,0.00000026,0.00000027,0.09997687,364366.61042960
20150128,0.00000027,0.00000029,0.00000026,0.00000026,0.15622426,574872.38064930
20150129,0.00000028,0.00000028,0.00000026,0.00000026,0.06657955,251349.92333343
20150130,0.00000026,0.00000028,0.00000026,0.00000027,1.54339325,5713906.00873270
20150131,0.00000027,0.00000030,0.00000027,0.00000029,1.20391381,4380569.86471517
20150201,0.00000027,0.00000027,0.00000027,0.00000027,0.05400000,200000.00000000
20150202,0.00000026,0.00000026,0.00000024,0.00000024,0.06860348,283146.91272283
20150203,0.00000024,0.00000024,0.00000022,0.00000023,0.09163043,397775.42647944
20150204,0.00000023,0.00000024,0.00000020,0.00000020,0.02290331,97433.84848916
20150205,0.00000021,0.00000021,0.00000020,0.00000021,0.07799884,382730.86260429
20150206,0.00000020,0.00000020,0.00000019,0.00000019,0.00218116,11325.86205518
20150207,0.00000019,0.00000026,0.00000019,0.00000026,0.19081208,885230.87703426
20150208,0.00000020,0.00000021,0.00000020,0.00000021,0.01015344,48779.77230809
20150209,0.00000021,0.00000021,0.00000020,0.00000020,0.08261050,405531.77469191
20150210,0.00000020,0.00000023,0.00000019,0.00000019,0.00497709,23935.48037500
20150211,0.00000021,0.00000023,0.00000021,0.00000022,1.53860173,6988219.41687151
20150212,0.00000022,0.00000024,0.00000022,0.00000024,0.11340821,486408.15948859
20150213,0.00000022,0.00000022,0.00000021,0.00000022,0.04918664,226933.49750000
20150214,0.00000021,0.00000021,0.00000021,0.00000021,0.09917236,472249.42456306
20150216,0.00000024,0.00000024,0.00000024,0.00000024,0.02871024,119626.00000000
20150217,0.00000023,0.00000030,0.00000023,0.00000030,0.10049595,356785.38590297
20150218,0.00000024,0.00000030,0.00000024,0.00000030,0.10424949,353819.34627622
20150219,0.00000025,0.00000030,0.00000025,0.00000025,0.00572178,22105.15423223
20150220,0.00000025,0.00000030,0.00000025,0.00000025,0.07275523,264954.76666777
20150221,0.00000023,0.00000027,0.00000023,0.00000023,0.03120970,135259.58321875
20150222,0.00000023,0.00000023,0.00000023,0.00000023,0.00172500,7500.00000000
20150223,0.00000023,0.00000023,0.00000023,0.00000023,0.06187682,269029.72744288
20150224,0.00000021,0.00000022,0.00000019,0.00000019,0.09705810,504372.61260419
20150225,0.00000019,0.00000021,0.00000017,0.00000018,0.12230827,705216.21757078
20150226,0.00000020,0.00000021,0.00000016,0.00000016,0.16367779,944838.79422033
20150227,0.00000015,0.00000023,0.00000015,0.00000023,0.07178982,365364.65999225
20150228,0.00000021,0.00000024,0.00000019,0.00000019,0.17134979,817166.04686979
20150301,0.00000019,0.00000022,0.00000018,0.00000022,0.06558142,355871.39679377
20150302,0.00000020,0.00000027,0.00000020,0.00000024,0.32237704,1304536.69048219
20150303,0.00000024,0.00000032,0.00000024,0.00000025,0.17814945,646357.71612568
20150304,0.00000023,0.00000027,0.00000022,0.00000022,0.17952588,761637.89744260
20150305,0.00000024,0.00000025,0.00000023,0.00000024,0.13226204,561243.77375680
20150306,0.00000021,0.00000023,0.00000021,0.00000023,0.15831954,716188.56538259
20150307,0.00000024,0.00000026,0.00000023,0.00000023,0.13158874,558468.93463549
20150308,0.00000023,0.00000023,0.00000023,0.00000023,0.08149603,354330.60715799
20150309,0.00000023,0.00000024,0.00000023,0.00000023,0.00961509,41543.88500081
20150310,0.00000022,0.00000022,0.00000021,0.00000021,0.05658398,269334.95010897
20150311,0.00000021,0.00000021,0.00000021,0.00000021,0.05994785,285466.00000000
20150312,0.00000021,0.00000023,0.00000020,0.00000020,0.06989286,338000.00000000
20150313,0.00000020,0.00000024,0.00000018,0.00000018,2.08693380,9526153.69088073
20150314,0.00000021,0.00000021,0.00000017,0.00000017,0.09998645,519944.00000000
20150315,0.00000017,0.00000017,0.00000016,0.00000016,0.01355233,79951.68150494
20150317,0.00000016,0.00000023,0.00000016,0.00000023,0.07713206,353122.75791463
20150318,0.00000023,0.00000023,0.00000018,0.00000018,0.00657997,31068.00000000
20150319,0.00000020,0.00000024,0.00000020,0.00000020,0.27916362,1303572.46653996
20150320,0.00000023,0.00000025,0.00000023,0.00000025,0.16926503,697068.88311157
20150321,0.00000024,0.00000024,0.00000024,0.00000024,0.01047313,43638.04270464
20150322,0.00000023,0.00000026,0.00000023,0.00000026,0.09555786,393358.66597798
20150323,0.00000023,0.00000026,0.00000023,0.00000023,0.05035079,215720.22529525
20150324,0.00000022,0.00000022,0.00000021,0.00000021,0.03787528,177713.00000000
20150326,0.00000025,0.00000028,0.00000025,0.00000028,0.12970148,497555.73462496
20150327,0.00000028,0.00000035,0.00000028,0.00000035,0.42242740,1381707.86456477
20150328,0.00000033,0.00000038,0.00000031,0.00000031,0.42935114,1245542.37469127
20150329,0.00000031,0.00000038,0.00000031,0.00000038,0.03841355,118731.69084416
20150330,0.00000032,0.00000032,0.00000030,0.00000030,0.05201017,170418.24627394
20150331,0.00000030,0.00000039,0.00000030,0.00000034,0.06358493,174758.10309384
20150401,0.00000034,0.00000048,0.00000033,0.00000040,0.46412244,1082906.74541673
20150402,0.00000041,0.00000060,0.00000041,0.00000053,0.51786847,956643.43832721
20150403,0.00000054,0.00000063,0.00000050,0.00000058,0.97482095,1787036.71209801
20150404,0.00000060,0.00000067,0.00000050,0.00000067,0.49499506,792264.32362497
20150405,0.00000062,0.00000077,0.00000053,0.00000077,0.94673670,1369988.44769277
20150406,0.00000071,0.00000071,0.00000055,0.00000055,0.61671671,1052145.28072082
20150407,0.00000055,0.00000060,0.00000055,0.00000060,0.12280821,217149.29613129
20150408,0.00000055,0.00000060,0.00000052,0.00000060,0.10973460,205754.87997803
20150409,0.00000050,0.00000072,0.00000048,0.00000056,0.18116317,312690.71781494
20150410,0.00000058,0.00000076,0.00000048,0.00000049,0.41874460,687919.05907341
20150411,0.00000058,0.00000058,0.00000054,0.00000057,0.01222321,21907.54857387
20150412,0.00000056,0.00000056,0.00000040,0.00000040,0.07304528,160491.04562760
20150413,0.00000041,0.00000043,0.00000041,0.00000042,0.08328695,198272.76013465
20150414,0.00000044,0.00000058,0.00000044,0.00000058,0.02739151,52520.84387788
20150415,0.00000042,0.00000042,0.00000033,0.00000034,0.49965073,1374560.75321296
20150416,0.00000042,0.00000044,0.00000035,0.00000044,0.10682757,294563.67704764
20150417,0.00000043,0.00000043,0.00000035,0.00000037,0.05299472,144679.14208031
20150418,0.00000035,0.00000037,0.00000021,0.00000037,0.17622571,567427.14214564
20150419,0.00000025,0.00000027,0.00000015,0.00000017,0.26549212,1386170.92170301
20150420,0.00000017,0.00000019,0.00000017,0.00000018,0.04485049,247312.96346888
20150421,0.00000017,0.00000025,0.00000017,0.00000017,0.05037483,287081.70754405
20150422,0.00000017,0.00000018,0.00000017,0.00000017,0.01068045,62650.00000000
20150423,0.00000022,0.00000022,0.00000016,0.00000017,0.15349103,928465.48595941
20150424,0.00000022,0.00000024,0.00000020,0.00000020,1.73940491,8670891.74892366
20150425,0.00000020,0.00000020,0.00000020,0.00000020,0.00400000,20000.00000000
20150427,0.00000022,0.00000029,0.00000019,0.00000019,0.00961300,41969.32462017
20150430,0.00000020,0.00000024,0.00000019,0.00000024,0.00162659,7635.85818662
20150501,0.00000020,0.00000020,0.00000019,0.00000019,0.00147229,7610.85130494
20150502,0.00000020,0.00000020,0.00000020,0.00000020,0.00053395,2669.78912085
20150503,0.00000019,0.00000026,0.00000016,0.00000026,0.11519081,617774.13119822
20150504,0.00000018,0.00000021,0.00000018,0.00000021,0.00173390,8799.49534821
20150505,0.00000020,0.00000020,0.00000016,0.00000017,0.02957840,181110.95070600
20150506,0.00000016,0.00000016,0.00000014,0.00000014,0.21236690,1396591.68909188
20150507,0.00000013,0.00000024,0.00000013,0.00000017,1.32599207,6574329.70558776
20150508,0.00000017,0.00000017,0.00000017,0.00000017,0.00339999,20000.00000000
20150509,0.00000015,0.00000020,0.00000014,0.00000015,0.03680673,240501.42784390
20150510,0.00000014,0.00000017,0.00000014,0.00000017,0.08407484,581003.28754488
20150511,0.00000015,0.00000018,0.00000012,0.00000012,0.16531135,1274464.23470889
20150512,0.00000014,0.00000017,0.00000014,0.00000017,0.01195261,72924.78244800
20150513,0.00000015,0.00000027,0.00000014,0.00000020,0.53456101,2660503.51276010
20150514,0.00000021,0.00000022,0.00000019,0.00000019,0.02627446,129499.74147794
20150515,0.00000020,0.00000020,0.00000019,0.00000019,0.02359166,122958.36025000
20150516,0.00000019,0.00000019,0.00000018,0.00000018,0.00930361,51136.59676599
20150517,0.00000018,0.00000018,0.00000018,0.00000018,0.03866883,214827.06040624
20150519,0.00000018,0.00000018,0.00000018,0.00000018,0.01351582,75088.00919900
20150520,0.00000018,0.00000018,0.00000017,0.00000018,0.02329056,132857.29101227
20150521,0.00000017,0.00000017,0.00000014,0.00000015,1.52950532,10237691.57312338
20150523,0.00000015,0.00000015,0.00000015,0.00000015,0.00429334,28622.36677084
20150524,0.00000015,0.00000015,0.00000015,0.00000015,0.00126513,8434.25241500
20150525,0.00000016,0.00000020,0.00000015,0.00000015,0.10354730,632588.03451471
20150526,0.00000017,0.00000017,0.00000014,0.00000014,0.00254973,16069.71658300
20150528,0.00000014,0.00000017,0.00000014,0.00000014,0.02880638,184331.37393867
20150529,0.00000014,0.00000014,0.00000014,0.00000014,0.05014815,358201.08857780
20150530,0.00000014,0.00000014,0.00000014,0.00000014,0.00239371,17098.01539200
20150601,0.00000016,0.00000016,0.00000016,0.00000016,0.00337241,21077.62699271
20150602,0.00000015,0.00000016,0.00000015,0.00000015,0.00255493,16814.84628799
20150603,0.00000016,0.00000016,0.00000015,0.00000015,0.03850856,251158.36056830
20150604,0.00000015,0.00000015,0.00000015,0.00000015,0.00071238,4749.20480600
20150605,0.00000015,0.00000020,0.00000015,0.00000017,0.06972562,378315.17257545
20150606,0.00000017,0.00000017,0.00000017,0.00000017,0.00550190,32364.12768800
20150607,0.00000017,0.00000022,0.00000016,0.00000016,0.08004419,381922.42177842
20150608,0.00000022,0.00000023,0.00000016,0.00000016,0.08038781,445476.97586957
20150609,0.00000016,0.00000017,0.00000016,0.00000016,0.01592904,99373.22547052
20150610,0.00000017,0.00000017,0.00000017,0.00000017,0.01065975,62704.43426471
20150611,0.00000017,0.00000017,0.00000017,0.00000017,0.00159160,9362.36446459
20150612,0.00000017,0.00000040,0.00000016,0.00000023,0.42268494,1653844.87621935
20150613,0.00000022,0.00000022,0.00000021,0.00000021,0.00427695,19652.18299900
20150614,0.00000021,0.00000021,0.00000018,0.00000020,0.02989418,155320.87549829
20150616,0.00000024,0.00000028,0.00000020,0.00000020,0.01195067,51014.49812500
20150617,0.00000021,0.00000021,0.00000021,0.00000021,0.00078347,3730.83981800
20150618,0.00000022,0.00000025,0.00000021,0.00000025,1.56885912,7117843.53552964
20150619,0.00000023,0.00000023,0.00000023,0.00000023,0.00535254,23271.93582200
20150621,0.00000025,0.00000029,0.00000024,0.00000024,0.08332061,309036.18907723
20150623,0.00000023,0.00000025,0.00000023,0.00000023,0.02204740,91510.50458200
20150624,0.00000025,0.00000025,0.00000025,0.00000025,0.00314211,12568.45748200
20150625,0.00000025,0.00000029,0.00000025,0.00000025,0.03588936,141333.25043968
20150626,0.00000027,0.00000027,0.00000025,0.00000025,0.00189387,7380.09738756
20150627,0.00000025,0.00000025,0.00000025,0.00000025,0.02176568,87062.74316800
20150628,0.00000025,0.00000027,0.00000023,0.00000023,0.04859450,205554.49376535
20150629,0.00000023,0.00000023,0.00000023,0.00000023,0.00428428,18627.39907412
20150630,0.00000023,0.00000023,0.00000022,0.00000023,0.04315656,187854.66903836
20150701,0.00000023,0.00000026,0.00000022,0.00000026,0.07452101,304003.23073622
20150702,0.00000026,0.00000026,0.00000023,0.00000026,0.00203634,8098.07840930
20150703,0.00000024,0.00000024,0.00000023,0.00000023,1.82041985,7600955.96423283
20150704,0.00000022,0.00000022,0.00000022,0.00000022,0.00050630,2301.37874100
20150705,0.00000023,0.00000023,0.00000023,0.00000023,0.02117307,92056.85105600
20150706,0.00000023,0.00000023,0.00000023,0.00000023,0.01384188,60182.14894400
20150708,0.00000022,0.00000025,0.00000022,0.00000025,0.04679656,195835.38894493
20150709,0.00000022,0.00000028,0.00000021,0.00000021,0.07996647,335773.11529122
20150710,0.00000027,0.00000027,0.00000027,0.00000027,0.00243000,9000.00000000
20150711,0.00000022,0.00000023,0.00000021,0.00000021,0.02699536,128000.00000000
20150712,0.00000021,0.00000021,0.00000021,0.00000021,0.00195924,9329.75739200
20150713,0.00000021,0.00000021,0.00000020,0.00000020,0.06373817,307269.11992118
20150714,0.00000021,0.00000021,0.00000021,0.00000021,0.00222235,10582.63249600
20150715,0.00000022,0.00000022,0.00000020,0.00000020,0.00543267,26691.43262600
20150716,0.00000021,0.00000024,0.00000020,0.00000020,0.40101247,1763162.20351151
20150717,0.00000021,0.00000023,0.00000020,0.00000020,1.01562716,4631301.67847442
20150718,0.00000019,0.00000019,0.00000019,0.00000019,0.01330000,70000.00000000
20150719,0.00000021,0.00000021,0.00000018,0.00000018,0.00514888,26386.16071969
20150720,0.00000021,0.00000021,0.00000021,0.00000021,0.00915018,43572.32000000
20150721,0.00000019,0.00000019,0.00000016,0.00000016,0.03246967,183094.61625000
20150722,0.00000021,0.00000023,0.00000021,0.00000023,0.00463785,20174.12141304
20150723,0.00000023,0.00000023,0.00000023,0.00000023,0.01216768,52903.00000000
20150725,0.00000022,0.00000024,0.00000022,0.00000024,0.00209680,9236.72679669
20150726,0.00000022,0.00000022,0.00000021,0.00000021,0.01248310,59101.15478895
20150727,0.00000022,0.00000022,0.00000022,0.00000022,0.00099998,4545.45454544
20150728,0.00000021,0.00000021,0.00000021,0.00000021,1.47000000,7000000.00000000
20150730,0.00000022,0.00000022,0.00000022,0.00000022,0.00696516,31659.83386364
20150731,0.00000020,0.00000020,0.00000019,0.00000019,0.00200765,10428.10796356
20150802,0.00000022,0.00000022,0.00000022,0.00000022,0.00088000,4000.00000000
20150803,0.00000022,0.00000022,0.00000019,0.00000019,0.00241637,11607.22751880
20150805,0.00000019,0.00000019,0.00000019,0.00000019,0.00152813,8042.84106200
20150807,0.00000022,0.00000022,0.00000022,0.00000022,0.00041250,1875.00000000
20150808,0.00000022,0.00000022,0.00000022,0.00000022,0.00035750,1625.00000000
20150811,0.00000020,0.00000020,0.00000019,0.00000019,0.00656726,34433.00000000
20150812,0.00000020,0.00000022,0.00000017,0.00000022,0.01948592,103090.90358030
20150815,0.00000019,0.00000019,0.00000019,0.00000019,0.00057000,3000.00000000
20150816,0.00000022,0.00000024,0.00000022,0.00000024,0.19767725,827805.38697785
20150817,0.00000025,0.00000025,0.00000025,0.00000025,0.00180793,7231.74074497
20150818,0.00000023,0.00000025,0.00000021,0.00000025,0.00770152,34455.54176611
20150822,0.00000021,0.00000021,0.00000006,0.00000006,0.37666246,3000000.00000000
20150823,0.00000017,0.00000017,0.00000007,0.00000009,0.21608395,2423791.56806218
20150826,0.00000012,0.00000012,0.00000011,0.00000011,0.81977026,6847002.40340909
20150828,0.00000012,0.00000012,0.00000012,0.00000012,0.00754971,62914.40312500
20150903,0.00000012,0.00000012,0.00000011,0.00000011,0.01084074,93249.40000000
20150904,0.00000011,0.00000011,0.00000007,0.00000007,0.17772605,2000000.00000000
20150905,0.00000012,0.00000012,0.00000010,0.00000010,0.00462362,45244.75213665
20150907,0.00000010,0.00000010,0.00000010,0.00000010,0.10318738,1031873.87394728
20150913,0.00000011,0.00000011,0.00000011,0.00000011,0.01688726,153520.68357979
20150914,0.00000010,0.00000010,0.00000010,0.00000010,0.00100000,10000.00000000
20150915,0.00000010,0.00000010,0.00000006,0.00000009,0.30158634,4580807.00000000
20150917,0.00000009,0.00000010,0.00000009,0.00000010,1.91566768,21226676.83125000
20150922,0.00000012,0.00000013,0.00000012,0.00000013,0.17514255,1376188.12289212
20150923,0.00000012,0.00000012,0.00000011,0.00000011,0.00408255,34539.59686594
20150924,0.00000011,0.00000011,0.00000011,0.00000011,0.05500000,500000.00000000
20150925,0.00000011,0.00000011,0.00000011,0.00000011,0.01995000,181363.63636364
20150928,0.00000009,0.00000009,0.00000008,0.00000008,0.08099999,1000000.00000000
20150929,0.00000010,0.00000010,0.00000010,0.00000010,0.00091305,9130.58869831
20151001,0.00000009,0.00000009,0.00000005,0.00000008,1.46363716,18453884.40388678
20151002,0.00000009,0.00000010,0.00000008,0.00000010,0.08745254,905891.23991939
20151003,0.00000010,0.00000010,0.00000009,0.00000009,0.00922145,96921.18042552
20151004,0.00000012,0.00000012,0.00000012,0.00000012,0.00498750,41562.50000000
20151005,0.00000007,0.00000007,0.00000006,0.00000006,0.00480237,74801.00000000
20151007,0.00000012,0.00000025,0.00000012,0.00000012,0.81389242,4345254.41403767
20151008,0.00000013,0.00000014,0.00000013,0.00000014,0.00270000,20000.00000000
20151009,0.00000012,0.00000012,0.00000010,0.00000010,0.00678875,63491.15687500
20151010,0.00000010,0.00000010,0.00000010,0.00000010,0.02500000,250000.00000000
20151011,0.00000010,0.00000010,0.00000010,0.00000010,0.03047616,304761.62627500
20151013,0.00000014,0.00000016,0.00000012,0.00000012,0.01610815,111786.01251635
20151014,0.00000010,0.00000010,0.00000010,0.00000010,0.04000000,400000.00000000
20151018,0.00000011,0.00000011,0.00000011,0.00000011,0.00129055,11732.39664495
20151021,0.00000014,0.00000028,0.00000012,0.00000013,1.43357491,8634727.61871954
20151022,0.00000012,0.00000012,0.00000011,0.00000012,0.01241752,104688.25861701
20151024,0.00000018,0.00000019,0.00000018,0.00000019,0.00979173,53287.45669948
20151025,0.00000016,0.00000016,0.00000016,0.00000016,0.00072461,4528.85321341
20151026,0.00000015,0.00000015,0.00000014,0.00000014,0.00911625,62947.45773202
20151027,0.00000014,0.00000020,0.00000014,0.00000014,0.03805713,220219.62180044
20151029,0.00000013,0.00000013,0.00000013,0.00000013,0.00780078,60006.00000000
20151030,0.00000013,0.00000013,0.00000013,0.00000013,0.00924560,71120.00000000
20151031,0.00000013,0.00000013,0.00000013,0.00000013,0.00160630,12356.18808412
20151101,0.00000017,0.00000017,0.00000013,0.00000013,0.00145546,10090.94132353
20151102,0.00000013,0.00000013,0.00000012,0.00000012,0.02890133,223343.05867647
20151103,0.00000013,0.00000013,0.00000013,0.00000013,0.00191716,14747.50038462
20151104,0.00000013,0.00000013,0.00000012,0.00000012,0.04651282,387273.93875740
20151105,0.00000011,0.00000015,0.00000011,0.00000011,0.01349814,121281.11093891
20151106,0.00000011,0.00000011,0.00000011,0.00000011,0.01948748,177159.00000000
20151109,0.00000012,0.00000012,0.00000012,0.00000012,0.00057679,4806.60327088
20151110,0.00000012,0.00000012,0.00000011,0.00000011,0.01203396,105754.31672912
20151112,0.00000013,0.00000013,0.00000012,0.00000012,1.80372351,13906029.27000000
20151113,0.00000017,0.00000018,0.00000017,0.00000018,0.00810250,47272.37293747
20151114,0.00000016,0.00000016,0.00000011,0.00000011,0.00552497,44206.30896427
20151117,0.00000012,0.00000012,0.00000012,0.00000012,0.00117557,9796.54726489
20151122,0.00000011,0.00000011,0.00000011,0.00000011,0.03218106,292555.13862117
20151124,0.00000012,0.00000012,0.00000012,0.00000012,0.00050437,4203.11595285
20151127,0.00000012,0.00000012,0.00000012,0.00000012,0.00049884,4157.00000000
20151128,0.00000014,0.00000014,0.00000013,0.00000013,0.02362110,169720.09063466
20151130,0.00000012,0.00000012,0.00000012,0.00000012,0.00202071,16839.35500420
20151201,0.00000011,0.00000011,0.00000011,0.00000011,0.01733149,157559.03215544
20151202,0.00000015,0.00000016,0.00000013,0.00000014,1.63670171,10973417.63544061
20151203,0.00000013,0.00000018,0.00000013,0.00000016,0.02422888,158015.99856376
20151204,0.00000013,0.00000013,0.00000012,0.00000013,0.43068307,3336130.17957070
20151205,0.00000013,0.00000013,0.00000012,0.00000012,0.00604792,47061.00000000
20151208,0.00000012,0.00000012,0.00000012,0.00000012,0.00636000,53000.00000000
20151218,0.00000006,0.00000006,0.00000006,0.00000006,0.01887334,314556.00000000
20151222,0.00000006,0.00000006,0.00000006,0.00000006,0.00269010,44835.14524999
20151223,0.00000008,0.00000013,0.00000008,0.00000012,0.00743994,69442.83117115
20151224,0.00000011,0.00000011,0.00000008,0.00000008,0.00270750,28500.00000000
20151225,0.00000012,0.00000012,0.00000009,0.00000009,0.00628200,66475.00000000
20151226,0.00000009,0.00000009,0.00000009,0.00000009,0.00450000,50000.00000000
20151227,0.00000009,0.00000009,0.00000009,0.00000009,0.00420759,46751.00000000
20151228,0.00000009,0.00000009,0.00000009,0.00000009,0.00172800,19200.00000000
20151229,0.00000009,0.00000011,0.00000009,0.00000011,0.01670668,166215.51957330
20151230,0.00000011,0.00000011,0.00000011,0.00000011,0.03040331,276393.81090909
20160103,0.00000011,0.00000011,0.00000011,0.00000011,0.00440000,40000.00000000
20160106,0.00000011,0.00000011,0.00000011,0.00000011,0.02179346,198122.45250000
20160108,0.00000010,0.00000011,0.00000010,0.00000011,0.01141864,105339.59386364
20160110,0.00000011,0.00000014,0.00000010,0.00000011,0.03575764,291354.34422725
20160111,0.00000012,0.00000012,0.00000011,0.00000011,0.01752804,147745.14720462
20160112,0.00000011,0.00000011,0.00000010,0.00000010,0.01156020,109096.11909091
20160113,0.00000010,0.00000010,0.00000009,0.00000009,0.00237164,24685.20267007
20160114,0.00000010,0.00000012,0.00000009,0.00000009,0.01853618,183869.92429615
20160115,0.00000011,0.00000011,0.00000011,0.00000011,0.00109999,10000.00000000
20160117,0.00000011,0.00000012,0.00000011,0.00000012,0.01695791,152205.50623300
20160118,0.00000011,0.00000011,0.00000007,0.00000007,0.00689459,88494.14180500
20160121,0.00000010,0.00000010,0.00000010,0.00000010,0.00962695,96269.55475330
20160122,0.00000009,0.00000009,0.00000009,0.00000009,0.00054471,6052.36105077
20160123,0.00000011,0.00000011,0.00000008,0.00000008,0.01467754,142219.71745100
20160124,0.00000008,0.00000008,0.00000008,0.00000008,0.00106368,13296.09530124
20160125,0.00000007,0.00000012,0.00000006,0.00000009,0.01937809,212928.87044675
20160126,0.00000009,0.00000013,0.00000009,0.00000012,0.03497239,329885.51162776
20160127,0.00000014,0.00000014,0.00000012,0.00000013,0.07507826,576179.28736800
20160128,0.00000012,0.00000012,0.00000011,0.00000011,0.00735043,63497.08439684
20160129,0.00000011,0.00000023,0.00000011,0.00000017,0.08170751,436849.90036838
20160130,0.00000015,0.00000016,0.00000014,0.00000014,0.00978372,67117.33955073
20160131,0.00000014,0.00000016,0.00000014,0.00000016,0.01712714,109544.66482642
20160201,0.00000019,0.00000019,0.00000016,0.00000016,0.01395700,85995.66736108
20160202,0.00000017,0.00000017,0.00000015,0.00000017,0.53505383,3148229.11691176
20160203,0.00000018,0.00000020,0.00000018,0.00000020,0.00867945,45441.47324473
20160205,0.00000017,0.00000017,0.00000016,0.00000016,0.03122993,194881.97884672
20160206,0.00000016,0.00000017,0.00000016,0.00000017,0.00211773,12691.40220588
20160207,0.00000017,0.00000017,0.00000016,0.00000016,0.00824129,51323.50154853
20160208,0.00000016,0.00000016,0.00000012,0.00000014,0.05945969,444875.53987129
20160209,0.00000014,0.00000016,0.00000014,0.00000015,0.04623812,307490.15557534
20160210,0.00000015,0.00000016,0.00000015,0.00000016,0.01025629,65604.50000000
20160211,0.00000018,0.00000169,0.00000018,0.00000046,2.34666458,4644753.92781313
20160212,0.00000049,0.00000056,0.00000033,0.00000040,0.16576258,383864.85695147
20160213,0.00000042,0.00000076,0.00000042,0.00000042,0.82070068,1338781.68500304
20160214,0.00000044,0.00000074,0.00000032,0.00000045,0.19682989,444968.75306755
20160215,0.00000046,0.00000046,0.00000032,0.00000032,0.18739070,469096.68797436
20160216,0.00000035,0.00000043,0.00000035,0.00000043,0.12024084,305321.07593483
20160217,0.00000040,0.00000045,0.00000033,0.00000041,0.07753951,184946.27602629
20160218,0.00000038,0.00000040,0.00000032,0.00000033,0.02136837,58610.93435843
20160220,0.00000033,0.00000033,0.00000032,0.00000032,0.00572063,17720.75323967
20160221,0.00000031,0.00000031,0.00000022,0.00000022,0.03740288,148653.24676033
20160222,0.00000027,0.00000027,0.00000024,0.00000027,0.13423239,526721.79926558
20160223,0.00000027,0.00000027,0.00000017,0.00000019,0.15317542,726330.66722179
20160224,0.00000018,0.00000018,0.00000017,0.00000017,0.00849717,49258.00000000
20160225,0.00000019,0.00000035,0.00000018,0.00000022,0.90593647,2893494.84056093
20160226,0.00000029,0.00000035,0.00000022,0.00000030,0.08496479,256087.49857262
20160227,0.00000028,0.00000028,0.00000028,0.00000028,0.00146565,5234.49451088
20160228,0.00000026,0.00000045,0.00000026,0.00000045,0.33072064,910634.55389307
20160229,0.00000042,0.00000042,0.00000032,0.00000035,0.15616763,405427.92000052
20160301,0.00000032,0.00000035,0.00000032,0.00000034,0.01167780,35700.86526108
20160302,0.00000032,0.00000035,0.00000031,0.00000031,0.09537162,279062.85098076
20160303,0.00000033,0.00000033,0.00000028,0.00000030,0.01390973,47011.16128999
20160304,0.00000031,0.00000031,0.00000030,0.00000031,0.01078113,35270.68209677
20160305,0.00000031,0.00000037,0.00000028,0.00000028,0.00353985,11606.81790323
20160306,0.00000030,0.00000030,0.00000011,0.00000023,0.63197537,3403806.63430901
20160307,0.00000024,0.00000025,0.00000019,0.00000024,0.17038983,790973.60987600
20160308,0.00000024,0.00000024,0.00000020,0.00000020,0.06593786,293831.74930890
20160309,0.00000023,0.00000026,0.00000023,0.00000025,0.13647842,550223.13081633
20160310,0.00000025,0.00000030,0.00000022,0.00000027,0.15447739,613563.99444396
20160311,0.00000023,0.00000035,0.00000023,0.00000027,0.18755429,627348.66873900
20160312,0.00000030,0.00000031,0.00000030,0.00000031,0.02613438,86018.68265764
20160313,0.00000033,0.00000038,0.00000031,0.00000031,0.08546639,244420.37063475
20160314,0.00000035,0.00000035,0.00000033,0.00000033,0.00387663,11656.51477273
20160315,0.00000031,0.00000034,0.00000031,0.00000034,0.00965556,30663.12262078
20160316,0.00000033,0.00000033,0.00000030,0.00000030,0.09289688,300005.52963541
20160317,0.00000030,0.00000030,0.00000027,0.00000028,0.03455742,126694.83790663
20160318,0.00000027,0.00000028,0.00000023,0.00000028,0.03751918,141397.23795569
20160319,0.00000026,0.00000026,0.00000026,0.00000026,0.01639431,63055.10471317
20160320,0.00000026,0.00000037,0.00000025,0.00000037,0.25102693,757047.26755231
20160321,0.00000034,0.00000035,0.00000030,0.00000032,0.37693970,1136826.13666739
20160322,0.00000031,0.00000037,0.00000030,0.00000035,0.14101721,395947.74633829
20160323,0.00000035,0.00000036,0.00000035,0.00000035,0.08731791,245791.15882342
20160324,0.00000034,0.00000057,0.00000034,0.00000049,0.62946373,1508015.52966182
20160325,0.00000049,0.00000050,0.00000038,0.00000044,0.24864077,532657.77439040
20160326,0.00000042,0.00000046,0.00000042,0.00000046,0.03307889,74967.58581703
20160327,0.00000046,0.00000048,0.00000040,0.00000040,0.22671133,496537.31825025
20160328,0.00000042,0.00000043,0.00000042,0.00000042,0.03573201,85021.03504327
20160329,0.00000042,0.00000046,0.00000036,0.00000046,0.24898429,587444.13082091
20160330,0.00000044,0.00000046,0.00000031,0.00000040,0.30043854,864334.12327369
20160331,0.00000040,0.00000043,0.00000040,0.00000041,0.04415582,109260.89743590
20160402,0.00000042,0.00000046,0.00000042,0.00000046,0.18034816,402929.81451087
20160403,0.00000046,0.00000046,0.00000040,0.00000043,0.29194832,675924.91760846
20160404,0.00000043,0.00000045,0.00000042,0.00000044,0.14577946,331278.40758937
20160405,0.00000044,0.00000045,0.00000036,0.00000045,0.21809021,526371.32595445
20160406,0.00000042,0.00000042,0.00000037,0.00000041,0.16502808,434854.52631707
20160407,0.00000040,0.00000041,0.00000039,0.00000039,0.02158127,53445.41219512
20160408,0.00000039,0.00000039,0.00000033,0.00000037,0.27845332,777621.65461036
20160409,0.00000034,0.00000035,0.00000027,0.00000031,0.79269647,2669448.47977903
20160410,0.00000031,0.00000033,0.00000030,0.00000033,0.32873697,1085412.58888210
20160411,0.00000033,0.00000034,0.00000033,0.00000034,0.01949713,57697.52485294
20160412,0.00000034,0.00000034,0.00000026,0.00000026,0.15519382,526509.16929006
20160413,0.00000028,0.00000028,0.00000024,0.00000027,0.10941773,427502.30685606
20160414,0.00000027,0.00000027,0.00000024,0.00000025,0.00584007,22905.79894936
20160415,0.00000025,0.00000039,0.00000024,0.00000033,0.45917719,1519785.43353696
20160416,0.00000029,0.00000031,0.00000025,0.00000029,0.03817948,128570.08348746
20160417,0.00000028,0.00000036,0.00000028,0.00000036,0.00533179,15696.23729167
20160418,0.00000028,0.00000030,0.00000026,0.00000030,0.06720426,240596.00000000
20160419,0.00000026,0.00000028,0.00000026,0.00000027,0.07470658,280100.00000000
20160420,0.00000028,0.00000029,0.00000028,0.00000029,0.02313928,80000.00000000
20160421,0.00000028,0.00000029,0.00000027,0.00000029,0.20045880,733004.85859742
20160422,0.00000029,0.00000029,0.00000027,0.00000027,0.20964114,762194.43078394
20160423,0.00000027,0.00000029,0.00000027,0.00000029,0.02619999,94600.00000000
20160424,0.00000030,0.00000030,0.00000027,0.00000027,0.02187562,78043.04138889
20160425,0.00000030,0.00000031,0.00000028,0.00000028,0.02547057,84234.10903226
20160426,0.00000027,0.00000031,0.00000027,0.00000027,0.57302757,2116764.92086411
20160427,0.00000027,0.00000031,0.00000027,0.00000029,0.12099113,437863.33122038
20160428,0.00000027,0.00000027,0.00000027,0.00000027,0.00050193,1859.00000000
20160429,0.00000027,0.00000032,0.00000026,0.00000029,0.06693882,238335.08648903
20160501,0.00000028,0.00000028,0.00000024,0.00000027,0.07740179,299101.50506545
20160502,0.00000027,0.00000030,0.00000027,0.00000030,0.06373584,224452.59728881
20160503,0.00000028,0.00000032,0.00000024,0.00000032,0.11847210,443892.88228424
20160504,0.00000031,0.00000034,0.00000030,0.00000030,0.10239053,310905.38810287
20160505,0.00000030,0.00000034,0.00000025,0.00000029,0.19751117,628366.72210104
20160506,0.00000028,0.00000028,0.00000025,0.00000026,0.08005753,305595.61226917
20160507,0.00000026,0.00000026,0.00000026,0.00000026,0.02074618,79793.06905172
20160508,0.00000026,0.00000026,0.00000026,0.00000026,0.02131873,81995.16529182
20160509,0.00000025,0.00000028,0.00000022,0.00000027,0.06785630,264312.97618236
20160510,0.00000028,0.00000028,0.00000024,0.00000024,0.00452084,16461.84782609
20160511,0.00000027,0.00000029,0.00000025,0.00000025,0.03204577,116164.47200690
20160512,0.00000025,0.00000037,0.00000025,0.00000030,0.21840771,659713.31816124
20160513,0.00000028,0.00000028,0.00000023,0.00000027,0.09962238,377895.46710166
20160514,0.00000026,0.00000029,0.00000024,0.00000029,0.03676376,143856.55181876
20160515,0.00000029,0.00000032,0.00000024,0.00000025,0.07993751,306008.16606698
20160516,0.00000025,0.00000026,0.00000024,0.00000024,0.10679994,440471.32687418
20160517,0.00000027,0.00000027,0.00000024,0.00000024,0.08385709,336083.96767611
20160518,0.00000025,0.00000027,0.00000024,0.00000026,0.03527389,137386.91793189
20160519,0.00000025,0.00000025,0.00000025,0.00000025,0.03750000,150000.00000000
20160520,0.00000024,0.00000024,0.00000024,0.00000024,0.01526901,63620.89098419
20160521,0.00000026,0.00000027,0.00000025,0.00000025,0.10193546,385516.95173029
20160522,0.00000025,0.00000025,0.00000025,0.00000025,0.01648611,65944.48476827
20160523,0.00000025,0.00000025,0.00000024,0.00000024,0.09231009,379637.91630469
20160524,0.00000026,0.00000027,0.00000026,0.00000026,0.04725502,179567.36569680
20160525,0.00000025,0.00000028,0.00000024,0.00000027,0.04216803,157201.98524649
20160526,0.00000025,0.00000025,0.00000024,0.00000024,0.03338925,135788.62305073
20160527,0.00000025,0.00000027,0.00000025,0.00000025,0.00743456,29463.55861455
20160528,0.00000024,0.00000024,0.00000024,0.00000024,0.00240000,10000.00000000
20160529,0.00000024,0.00000024,0.00000024,0.00000024,0.08202283,341761.86388500
20160530,0.00000025,0.00000027,0.00000024,0.00000027,0.09917948,395726.96077753
20160531,0.00000025,0.00000025,0.00000023,0.00000025,0.01321382,56797.56001632
20160601,0.00000022,0.00000025,0.00000017,0.00000024,0.55278320,2703398.57108284
20160602,0.00000021,0.00000024,0.00000019,0.00000022,0.03327114,166670.00311583
20160603,0.00000020,0.00000021,0.00000019,0.00000021,0.06266023,317267.68104735
20160604,0.00000021,0.00000021,0.00000021,0.00000021,0.02817030,134144.31895265
20160605,0.00000022,0.00000022,0.00000022,0.00000022,0.00672233,30556.09938417
20160606,0.00000021,0.00000021,0.00000021,0.00000021,0.01041614,49600.68750000
20160607,0.00000021,0.00000022,0.00000020,0.00000020,0.00586349,27489.28363636
20160608,0.00000019,0.00000019,0.00000019,0.00000019,0.01122778,59093.60710678
20160609,0.00000021,0.00000022,0.00000017,0.00000017,0.02188555,112806.35779297
20160610,0.00000019,0.00000019,0.00000019,0.00000019,0.00535458,28182.02710098
20160611,0.00000019,0.00000019,0.00000017,0.00000017,0.03826525,219205.39349120
20160612,0.00000017,0.00000017,0.00000016,0.00000016,0.00396462,24200.00000000
20160613,0.00000016,0.00000016,0.00000015,0.00000015,0.07151290,475324.63525165
20160614,0.00000017,0.00000017,0.00000015,0.00000015,0.01722393,113082.05765625
20160615,0.00000015,0.00000029,0.00000015,0.00000025,0.21395121,931203.63970002
20160616,0.00000026,0.00000029,0.00000018,0.00000018,0.08730656,366837.72919846
20160617,0.00000018,0.00000022,0.00000018,0.00000022,0.00833215,45685.43098200
20160618,0.00000020,0.00000021,0.00000019,0.00000019,0.00788510,40000.28623300
20160619,0.00000023,0.00000023,0.00000020,0.00000020,0.00190920,8880.00000000
20160620,0.00000019,0.00000029,0.00000019,0.00000024,0.03316574,136559.84501642
20160621,0.00000021,0.00000021,0.00000021,0.00000021,0.00485714,23129.25170068
20160622,0.00000021,0.00000021,0.00000021,0.00000021,0.00058541,2787.67194265
20160623,0.00000020,0.00000021,0.00000019,0.00000020,0.01498089,76750.69948176
20160624,0.00000019,0.00000019,0.00000018,0.00000018,0.02802038,154348.98692967
20160626,0.00000021,0.00000023,0.00000021,0.00000023,0.02965756,132793.07062716
20160627,0.00000021,0.00000023,0.00000021,0.00000022,0.00361205,16266.97872851
20160628,0.00000022,0.00000037,0.00000021,0.00000033,0.55028781,2017230.15962030
20160629,0.00000032,0.00000036,0.00000030,0.00000036,0.30394057,889030.84232376
20160630,0.00000030,0.00000037,0.00000030,0.00000037,0.08692513,268101.23557200
20160701,0.00000036,0.00000037,0.00000031,0.00000035,0.12095058,333988.23733333
20160702,0.00000035,0.00000039,0.00000032,0.00000038,0.12276274,337057.70621670
20160703,0.00000032,0.00000039,0.00000030,0.00000036,0.12178874,395502.00000000
20160704,0.00000035,0.00000035,0.00000030,0.00000030,0.01685380,54534.31761364
20160705,0.00000031,0.00000035,0.00000026,0.00000029,0.06296512,225815.72012626
20160706,0.00000030,0.00000031,0.00000030,0.00000031,0.02487859,82505.95901492
20160707,0.00000033,0.00000038,0.00000032,0.00000032,0.08708305,243699.45955993
20160708,0.00000035,0.00000038,0.00000032,0.00000038,0.10946809,301478.85972193
20160709,0.00000037,0.00000038,0.00000037,0.00000038,0.00175859,4747.99993243
20160710,0.00000037,0.00000038,0.00000032,0.00000038,0.07877829,223551.01615973
20160711,0.00000034,0.00000039,0.00000033,0.00000039,0.43536719,1145491.18043269
20160712,0.00000038,0.00000041,0.00000036,0.00000041,0.32899809,818320.92621010
20160713,0.00000041,0.00000042,0.00000037,0.00000042,0.30184766,724252.48941057
20160714,0.00000042,0.00000045,0.00000040,0.00000042,0.07555491,174316.46928407
20160715,0.00000042,0.00000042,0.00000041,0.00000041,0.07928483,191368.64322249
20160716,0.00000041,0.00000041,0.00000040,0.00000040,0.20913202,511062.18810692
20160717,0.00000039,0.00000040,0.00000038,0.00000040,0.04278298,109802.03921088
20160718,0.00000040,0.00000042,0.00000034,0.00000038,0.35722119,937628.00416224
20160719,0.00000038,0.00000038,0.00000034,0.00000034,0.04512987,130832.40253605
20160720,0.00000035,0.00000035,0.00000035,0.00000035,0.02963982,84685.26775216
20160721,0.00000036,0.00000036,0.00000036,0.00000036,0.00283672,7879.81273913
20160722,0.00000037,0.00000039,0.00000037,0.00000037,0.10741431,286378.72855942
20160723,0.00000037,0.00000042,0.00000037,0.00000042,0.08011534,207882.74958256
20160724,0.00000042,0.00000044,0.00000036,0.00000042,0.07195813,175339.37852220
20160725,0.00000042,0.00000042,0.00000037,0.00000042,0.03370585,85530.52702703
20160726,0.00000042,0.00000045,0.00000041,0.00000045,0.39764948,926901.07552218
20160727,0.00000043,0.00000043,0.00000042,0.00000042,0.09341121,222340.10167313
20160728,0.00000043,0.00000043,0.00000043,0.00000043,0.00099749,2319.76744186
20160729,0.00000039,0.00000040,0.00000039,0.00000040,0.00451188,11312.52625000
20160731,0.00000043,0.00000043,0.00000035,0.00000041,0.06115688,173718.55618485
20160801,0.00000037,0.00000037,0.00000034,0.00000037,0.01464054,42473.42359644
20160803,0.00000037,0.00000037,0.00000037,0.00000037,0.00999999,27027.02702702
20160804,0.00000036,0.00000036,0.00000036,0.00000036,0.00143180,3977.22729959
20160806,0.00000036,0.00000036,0.00000032,0.00000036,0.08919813,266029.13694536
20160807,0.00000036,0.00000045,0.00000031,0.00000036,0.55848426,1580666.25936252
20160809,0.00000040,0.00000040,0.00000031,0.00000036,0.11569000,343308.35609797
20160810,0.00000036,0.00000047,0.00000036,0.00000040,2.27218876,5097444.40962059
20160811,0.00000040,0.00000040,0.00000040,0.00000040,0.00997500,24937.50000000
20160812,0.00000039,0.00000043,0.00000036,0.00000037,0.09913583,261279.30991816
20160813,0.00000041,0.00000047,0.00000038,0.00000047,0.16249990,378524.38769551
20160814,0.00000047,0.00000048,0.00000039,0.00000042,0.05972328,131733.31397893
20160815,0.00000046,0.00000046,0.00000044,0.00000044,0.00275600,6100.00000000
20160816,0.00000043,0.00000043,0.00000040,0.00000040,0.03489163,84105.93300888
20160818,0.00000039,0.00000039,0.00000038,0.00000038,0.01273998,32812.84304514
20160819,0.00000038,0.00000039,0.00000035,0.00000039,0.02373694,64056.29895155
20160820,0.00000038,0.00000039,0.00000038,0.00000039,0.01900023,50000.60410208
20160821,0.00000039,0.00000042,0.00000039,0.00000041,0.00481786,12141.33256991
20160822,0.00000040,0.00000040,0.00000040,0.00000040,0.00050000,1250.00000000
20160823,0.00000037,0.00000043,0.00000037,0.00000043,0.06237692,147743.19858000
20160824,0.00000043,0.00000043,0.00000035,0.00000037,0.00431718,11162.37019908
20160825,0.00000036,0.00000037,0.00000031,0.00000034,0.15629920,477419.14759221
20160826,0.00000034,0.00000034,0.00000033,0.00000034,0.00436966,13093.00000000
20160827,0.00000034,0.00000034,0.00000033,0.00000033,0.01743859,52790.00000000
20160828,0.00000033,0.00000037,0.00000033,0.00000033,0.01420242,41398.00722149
20160829,0.00000033,0.00000037,0.00000033,0.00000033,0.00794559,23623.00000000
20160830,0.00000033,0.00000033,0.00000033,0.00000033,0.01494240,45280.00000000
20160831,0.00000034,0.00000036,0.00000030,0.00000035,0.04011254,125099.90433289
20160901,0.00000035,0.00000037,0.00000033,0.00000035,0.04191455,117218.41535043
20160902,0.00000035,0.00000035,0.00000032,0.00000032,0.00284921,8687.00000000
20160903,0.00000032,0.00000037,0.00000032,0.00000034,0.01824505,51093.00000000
20160904,0.00000034,0.00000034,0.00000032,0.00000032,0.01777465,55104.35630931
20160905,0.00000032,0.00000032,0.00000031,0.00000031,0.01425321,45876.00000000
20160906,0.00000031,0.00000034,0.00000030,0.00000031,0.05496919,181151.76573551
20160907,0.00000030,0.00000030,0.00000029,0.00000029,0.00973626,33402.96307692
20160908,0.00000029,0.00000029,0.00000029,0.00000029,0.00056202,1938.00000000
20160909,0.00000030,0.00000030,0.00000029,0.00000030,0.00184394,6242.34115042
20160910,0.00000029,0.00000029,0.00000029,0.00000029,0.00243774,8406.00000000
20160911,0.00000030,0.00000030,0.00000029,0.00000029,0.01422145,48118.02500000
20160912,0.00000030,0.00000030,0.00000029,0.00000029,0.00716906,24145.86962996
20160913,0.00000029,0.00000030,0.00000029,0.00000030,0.00539588,18491.47578755
20160914,0.00000029,0.00000035,0.00000029,0.00000035,0.09242782,310102.53362077
20160915,0.00000032,0.00000032,0.00000029,0.00000029,0.00321441,10343.00000000
20160916,0.00000029,0.00000029,0.00000029,0.00000029,0.02798576,96502.63516726
20160917,0.00000029,0.00000034,0.00000026,0.00000028,0.28424050,951970.89050968
20160918,0.00000029,0.00000029,0.00000025,0.00000028,1.98290736,6905395.76387671
20160919,0.00000026,0.00000026,0.00000017,0.00000024,0.23576426,1056623.97677220
20160920,0.00000020,0.00000029,0.00000016,0.00000017,0.34623788,1799415.75718547
20160921,0.00000022,0.00000025,0.00000020,0.00000020,0.30959610,1413559.28053821
20160922,0.00000021,0.00000028,0.00000020,0.00000028,0.63544370,2785564.43425613
20160923,0.00000027,0.00000027,0.00000020,0.00000027,0.11028301,422855.40028124
20160924,0.00000024,0.00000028,0.00000024,0.00000026,0.21858665,871768.28110161
20160925,0.00000024,0.00000026,0.00000023,0.00000026,0.00555231,23267.44620186
20160926,0.00000025,0.00000027,0.00000024,0.00000025,0.41591676,1556371.57142857
20160927,0.00000024,0.00000028,0.00000022,0.00000027,0.07104507,283133.48682596
20160928,0.00000025,0.00000030,0.00000024,0.00000030,0.44982337,1700076.14818752
20160929,0.00000029,0.00000031,0.00000025,0.00000028,1.02332029,3745168.10440234
20160930,0.00000028,0.00000028,0.00000028,0.00000028,0.00005642,201.50419015
20161001,0.00000028,0.00000031,0.00000024,0.00000024,0.63192458,2142399.98885021
20161002,0.00000030,0.00000030,0.00000030,0.00000030,1.50121929,5004064.33545161
20161003,0.00000030,0.00000032,0.00000028,0.00000030,0.59330244,1926166.27211282
20161004,0.00000030,0.00000032,0.00000030,0.00000031,0.04198113,131501.43361991
20161005,0.00000033,0.00000033,0.00000030,0.00000030,0.12839890,414074.13058097
20161006,0.00000030,0.00000033,0.00000030,0.00000033,0.18947821,583059.69543528
20161007,0.00000032,0.00000034,0.00000029,0.00000034,0.84838782,2793630.35071427
20161008,0.00000034,0.00000045,0.00000034,0.00000044,0.72516669,1789353.29419777
20161009,0.00000039,0.00000052,0.00000038,0.00000052,1.59713699,3376163.84708455
20161010,0.00000052,0.00000300,0.00000049,0.00000205,27.78275197,19219484.20116184
20161011,0.00000206,0.00000288,0.00000066,0.00000105,19.42557462,12667489.23675179
20161012,0.00000106,0.00000106,0.00000075,0.00000075,1.11639879,1353641.38373550
20161013,0.00000079,0.00000080,0.00000066,0.00000074,0.37118376,488436.15904163
20161014,0.00000069,0.00000100,0.00000067,0.00000076,1.65096985,1884977.17098964
20161015,0.00000075,0.00000082,0.00000066,0.00000074,0.26053215,346975.91677581
20161016,0.00000074,0.00000074,0.00000056,0.00000065,0.51998137,794039.38066759
20161017,0.00000065,0.00000066,0.00000054,0.00000057,0.38749875,661213.49081306
20161018,0.00000060,0.00000062,0.00000054,0.00000054,0.10806059,191289.78721454
20161019,0.00000054,0.00000061,0.00000054,0.00000055,0.05293088,91418.35650660
20161020,0.00000055,0.00000065,0.00000055,0.00000057,0.06270088,106997.80555662
20161021,0.00000057,0.00000057,0.00000056,0.00000056,1.36343996,2417290.28694128
20161022,0.00000056,0.00000070,0.00000055,0.00000066,0.28562361,460912.58600850
20161023,0.00000066,0.00000249,0.00000066,0.00000137,20.84869717,13351868.64785270
20161024,0.00000138,0.00000160,0.00000094,0.00000104,5.68318853,4350472.18542834
20161025,0.00000104,0.00000113,0.00000088,0.00000088,1.78621568,1751207.43239119
20161026,0.00000090,0.00000098,0.00000038,0.00000069,4.32025530,8425022.42553873
20161027,0.00000075,0.00000076,0.00000060,0.00000060,0.87424479,1345537.07398410
20161028,0.00000067,0.00000075,0.00000057,0.00000060,0.73281990,1161467.51622797
20161029,0.00000060,0.00000062,0.00000055,0.00000056,1.40031877,2415975.75706560
20161030,0.00000056,0.00000061,0.00000054,0.00000056,0.19200998,336115.74123817
20161031,0.00000056,0.00000061,0.00000052,0.00000052,0.31116406,543852.68861931
20161101,0.00000058,0.00000061,0.00000052,0.00000053,0.09140286,159277.70649057
20161102,0.00000052,0.00000054,0.00000046,0.00000054,0.46404949,915167.66912554
20161103,0.00000054,0.00000054,0.00000046,0.00000047,0.04531926,92166.67959413
20161104,0.00000047,0.00000050,0.00000046,0.00000047,0.11399956,245671.90450026
20161105,0.00000050,0.00000062,0.00000046,0.00000062,0.64750383,1189085.61657484
20161106,0.00000060,0.00000111,0.00000053,0.00000087,2.75614002,2995433.69900197
20161107,0.00000097,0.00000097,0.00000055,0.00000061,1.93314460,2479132.43535968
20161108,0.00000059,0.00000071,0.00000059,0.00000064,0.83336543,1296040.54534947
20161109,0.00000064,0.00000068,0.00000055,0.00000065,0.16442177,270940.45670382
20161110,0.00000062,0.00000065,0.00000058,0.00000065,0.09501604,155787.64015778
20161111,0.00000065,0.00000071,0.00000059,0.00000062,0.19724794,295748.05966841
20161112,0.00000063,0.00000065,0.00000059,0.00000059,0.03921448,62039.47939718
20161113,0.00000060,0.00000066,0.00000060,0.00000062,0.15255238,242330.87561997
20161114,0.00000062,0.00000067,0.00000060,0.00000060,0.45387249,704795.31803192
20161115,0.00000060,0.00000060,0.00000060,0.00000060,0.04104593,68409.90381723
20161116,0.00000060,0.00000065,0.00000060,0.00000061,0.02002174,33232.00000000
20161117,0.00000060,0.00000060,0.00000051,0.00000058,0.85807269,1584502.88987039
20161118,0.00000053,0.00000053,0.00000051,0.00000052,0.40787217,777151.92130184
20161119,0.00000052,0.00000058,0.00000051,0.00000058,0.20964784,403256.70227161
20161120,0.00000052,0.00000052,0.00000050,0.00000051,0.08511025,167204.56006663
20161121,0.00000052,0.00000057,0.00000051,0.00000051,0.11018435,202435.45251900
20161122,0.00000058,0.00000061,0.00000055,0.00000057,0.13273374,224611.03773700
20161123,0.00000060,0.00000062,0.00000057,0.00000057,0.10910806,183152.70990293
20161124,0.00000057,0.00000064,0.00000057,0.00000057,0.05297247,91607.14183656
20161125,0.00000057,0.00000057,0.00000050,0.00000055,0.39007707,738492.03720811
20161126,0.00000055,0.00000060,0.00000053,0.00000056,0.03965232,68982.91663892
20161127,0.00000056,0.00000061,0.00000056,0.00000056,0.15022846,254266.34154048
20161128,0.00000056,0.00000060,0.00000056,0.00000056,0.03124553,53713.81755580
20161129,0.00000056,0.00000061,0.00000056,0.00000061,0.09611098,164029.46382697
20161130,0.00000058,0.00000058,0.00000052,0.00000054,0.06713855,122656.99000000
20161201,0.00000053,0.00000058,0.00000052,0.00000054,0.33935850,611197.89686616
20161202,0.00000054,0.00000054,0.00000049,0.00000049,0.44125372,862353.21413405
20161203,0.00000049,0.00000049,0.00000028,0.00000037,1.37650728,3974650.12803848
20161204,0.00000036,0.00000036,0.00000033,0.00000033,0.13532877,376258.91221736
20161205,0.00000036,0.00000037,0.00000032,0.00000033,0.63002602,1758414.72105097
20161206,0.00000033,0.00000035,0.00000032,0.00000035,0.80159235,2354484.15920218
20161207,0.00000032,0.00000032,0.00000030,0.00000030,0.12622816,400838.10252800
20161208,0.00000030,0.00000035,0.00000030,0.00000035,1.82419530,5670193.78524148
20161209,0.00000033,0.00000040,0.00000033,0.00000039,3.69281874,10805191.53772527
20161210,0.00000040,0.00000055,0.00000038,0.00000039,0.26543857,599674.44094421
20161211,0.00000040,0.00000041,0.00000035,0.00000038,0.03704334,98510.38251443
20161212,0.00000037,0.00000037,0.00000034,0.00000036,0.03097637,83923.29167176
20161213,0.00000036,0.00000039,0.00000031,0.00000033,0.16505266,510217.01601560
20161214,0.00000035,0.00000035,0.00000032,0.00000033,0.02501259,76259.98675220
20161215,0.00000032,0.00000037,0.00000032,0.00000037,0.08009780,234782.32053974
20161216,0.00000036,0.00000036,0.00000036,0.00000036,0.01329847,36940.22222222
20161217,0.00000036,0.00000042,0.00000033,0.00000033,0.03307714,90282.18480224
20161218,0.00000034,0.00000034,0.00000033,0.00000034,0.09625430,284347.34565870
20161219,0.00000035,0.00000035,0.00000034,0.00000034,0.37055148,1061135.49298874
20161220,0.00000035,0.00000035,0.00000033,0.00000033,0.29105096,845367.60971866
20161221,0.00000032,0.00000033,0.00000032,0.00000033,0.07702976,240131.48551869
20161222,0.00000031,0.00000040,0.00000031,0.00000033,0.11748981,325435.17912500
20161223,0.00000033,0.00000034,0.00000033,0.00000033,0.20987692,617641.58754490
20161224,0.00000034,0.00000037,0.00000034,0.00000037,0.09830812,288757.66891892
20161225,0.00000034,0.00000035,0.00000031,0.00000033,0.38843812,1180499.93230473
20161226,0.00000033,0.00000033,0.00000032,0.00000032,0.01084077,32906.69950000
20161227,0.00000037,0.00000038,0.00000033,0.00000033,0.03848228,110803.92923876
20161228,0.00000032,0.00000037,0.00000032,0.00000037,1.69012054,4846983.27711173
20161229,0.00000037,0.00000049,0.00000035,0.00000041,0.30834732,755001.51413198
20161230,0.00000042,0.00000048,0.00000042,0.00000048,0.00859246,19000.00000000
20161231,0.00000048,0.00000049,0.00000043,0.00000048,0.01972822,41542.43151109
20170101,0.00000045,0.00000045,0.00000044,0.00000044,0.02981855,67071.40904953
20170102,0.00000044,0.00000049,0.00000040,0.00000040,0.15796135,364620.83933495
20170103,0.00000040,0.00000040,0.00000040,0.00000040,0.00300000,7500.00000000
20170104,0.00000040,0.00000049,0.00000036,0.00000037,0.26131516,580155.36992180
20170105,0.00000044,0.00000045,0.00000027,0.00000036,0.20249150,631445.19729730
20170106,0.00000033,0.00000033,0.00000030,0.00000030,0.00595698,18774.89303598
20170107,0.00000033,0.00000037,0.00000028,0.00000037,0.03673398,111317.43450000
20170108,0.00000037,0.00000037,0.00000032,0.00000034,0.03837815,105928.54021613
20170109,0.00000034,0.00000038,0.00000034,0.00000034,0.01750027,50135.67000000
20170110,0.00000034,0.00000034,0.00000030,0.00000030,0.03480512,104239.53219798
20170111,0.00000030,0.00000040,0.00000030,0.00000031,0.04822584,129348.39034103
20170112,0.00000030,0.00000049,0.00000029,0.00000036,0.29781578,687524.77682871
20170113,0.00000036,0.00000039,0.00000032,0.00000038,0.00711287,19875.77022622
20170114,0.00000036,0.00000037,0.00000031,0.00000031,0.06297560,188050.87426414
20170115,0.00000032,0.00000034,0.00000032,0.00000032,0.01669826,49531.08881199
20170116,0.00000036,0.00000042,0.00000036,0.00000038,0.06302668,155507.28212311
20170117,0.00000038,0.00000039,0.00000038,0.00000039,0.03570362,91682.91090543
20170118,0.00000043,0.00000043,0.00000040,0.00000040,0.03293341,77407.32389081
20170119,0.00000044,0.00000048,0.00000036,0.00000047,0.06572974,151629.63728266
20170120,0.00000038,0.00000048,0.00000037,0.00000037,0.13766474,331535.42185913
20170121,0.00000042,0.00000045,0.00000037,0.00000037,0.06820997,169307.32498637
20170122,0.00000045,0.00000045,0.00000026,0.00000033,1.00678160,3296875.01925758
20170123,0.00000028,0.00000033,0.00000026,0.00000027,0.06333186,220592.21514173
20170124,0.00000027,0.00000028,0.00000025,0.00000027,1.35140363,5237899.02226512
20170125,0.00000027,0.00000030,0.00000021,0.00000027,1.38989021,5183444.52226188
20170126,0.00000027,0.00000030,0.00000022,0.00000026,1.79604179,7132551.08794233
20170127,0.00000025,0.00000028,0.00000024,0.00000028,0.19293616,775228.15827558
20170128,0.00000026,0.00000039,0.00000024,0.00000030,4.33227094,16313209.52892049
20170129,0.00000031,0.00000035,0.00000027,0.00000034,0.05613121,185271.58456200
20170130,0.00000035,0.00000035,0.00000029,0.00000032,0.08424218,276097.12386718
20170131,0.00000030,0.00000032,0.00000030,0.00000030,0.02209347,73344.96141803
20170201,0.00000032,0.00000032,0.00000030,0.00000030,0.05307512,172532.50289240
20170202,0.00000032,0.00000400,0.00000031,0.00000051,48.86970061,25261142.51462250
20170203,0.00000060,0.00000094,0.00000045,0.00000064,7.85134421,10315106.38734666
20170204,0.00000063,0.00000079,0.00000056,0.00000058,2.94203375,4245580.28408144
20170205,0.00000062,0.00000074,0.00000056,0.00000059,1.40169225,2208618.13444944
20170206,0.00000059,0.00000064,0.00000056,0.00000061,0.16100584,276000.80561261
20170207,0.00000061,0.00000065,0.00000055,0.00000064,0.21290923,348719.19852065
20170208,0.00000056,0.00000056,0.00000050,0.00000056,0.37275289,686336.01333775
20170209,0.00000051,0.00000064,0.00000047,0.00000053,0.37984768,705458.98248910
20170210,0.00000053,0.00000059,0.00000047,0.00000048,0.43226992,865713.90264126
20170211,0.00000050,0.00000058,0.00000050,0.00000053,0.06542484,123939.19625549
20170212,0.00000057,0.00000057,0.00000047,0.00000050,0.16248876,311624.06108398
20170213,0.00000050,0.00000055,0.00000050,0.00000052,0.07526003,142789.52929024
20170214,0.00000052,0.00000054,0.00000050,0.00000050,0.15301846,301355.25861797
20170215,0.00000054,0.00000059,0.00000047,0.00000048,0.08371480,160055.09629971
20170216,0.00000055,0.00000055,0.00000048,0.00000049,0.03488582,65186.00000000
20170217,0.00000053,0.00000054,0.00000049,0.00000049,0.06427417,124334.60360769
20170218,0.00000048,0.00000053,0.00000041,0.00000050,0.11201937,228871.19969078
20170219,0.00000050,0.00000050,0.00000041,0.00000041,0.03729519,81262.19321429
20170220,0.00000042,0.00000050,0.00000042,0.00000050,0.02559865,53929.89759286
20170221,0.00000050,0.00000055,0.00000042,0.00000050,0.08424211,180522.46618401
20170222,0.00000045,0.00000045,0.00000040,0.00000044,0.04676212,113084.53868507
20170223,0.00000041,0.00000048,0.00000031,0.00000042,0.64074275,1572547.09450451
20170224,0.00000037,0.00000039,0.00000034,0.00000035,0.01651067,46457.76398722
20170225,0.00000034,0.00000038,0.00000031,0.00000035,0.09657464,288602.51964806
20170226,0.00000035,0.00000036,0.00000031,0.00000032,0.01712594,49299.32655174
20170227,0.00000032,0.00000034,0.00000030,0.00000034,0.62515210,1953350.15857626
20170228,0.00000032,0.00000033,0.00000031,0.00000031,0.39576542,1243510.04472888
20170301,0.00000032,0.00000032,0.00000029,0.00000030,0.35855238,1184494.24223687
20170302,0.00000030,0.00000032,0.00000027,0.00000030,0.20114589,680161.10839158
20170303,0.00000027,0.00000032,0.00000027,0.00000027,0.01739879,62381.00000000
20170304,0.00000027,0.00000031,0.00000026,0.00000031,0.52775516,1875933.60149928
20170305,0.00000029,0.00000030,0.00000027,0.00000028,0.18815153,636273.90808746
20170306,0.00000028,0.00000029,0.00000028,0.00000029,0.02081112,73448.00000000
20170307,0.00000028,0.00000029,0.00000028,0.00000028,0.03411895,121792.00000000
20170308,0.00000029,0.00000029,0.00000028,0.00000028,0.08196492,283747.59517241
20170309,0.00000029,0.00000029,0.00000028,0.00000029,0.64257895,2294088.61848366
20170310,0.00000028,0.00000029,0.00000027,0.00000027,0.29309372,1049666.22175345
20170311,0.00000028,0.00000045,0.00000027,0.00000042,1.13781252,3531744.01561468
20170312,0.00000041,0.00000045,0.00000031,0.00000037,0.18385715,523615.49054827
20170313,0.00000037,0.00000037,0.00000032,0.00000035,0.55658791,1590039.94645011
20170314,0.00000034,0.00000040,0.00000032,0.00000036,0.44004630,1315274.91076740
20170315,0.00000033,0.00000034,0.00000033,0.00000033,0.53060888,1573279.06015381
20170316,0.00000035,0.00000039,0.00000031,0.00000033,0.44039555,1286702.80319709
20170317,0.00000033,0.00000037,0.00000030,0.00000030,0.62123873,1871153.18428244
20170318,0.00000031,0.00000035,0.00000029,0.00000035,0.13205349,407359.25799617
20170319,0.00000033,0.00000034,0.00000030,0.00000031,0.05483435,163181.58568350
20170320,0.00000032,0.00000035,0.00000028,0.00000034,0.21382709,696514.03039914
20170321,0.00000035,0.00000060,0.00000035,0.00000050,1.03422995,2027987.15630441
20170322,0.00000050,0.00000069,0.00000046,0.00000049,1.77435635,2904950.20703967
20170323,0.00000055,0.00000071,0.00000046,0.00000061,0.67529147,1151073.53706318
20170324,0.00000061,0.00000090,0.00000061,0.00000089,0.92246170,1208977.73812027
20170330,0.00000088,0.00000777,0.00000088,0.00000129,0.93737263,618520.82281029
20170331,0.00000122,0.00000129,0.00000056,0.00000095,3.55777412,3252637.66660214
20170401,0.00000093,0.00000109,0.00000059,0.00000102,1.01216437,1237153.03948888
20170402,0.00000101,0.00000115,0.00000073,0.00000105,1.99930614,2178492.94765069
20170403,0.00000100,0.00000100,0.00000070,0.00000070,0.39489870,490970.06640448
20170404,0.00000077,0.00000081,0.00000060,0.00000069,0.59892341,922142.41652497
20170405,0.00000076,0.00000080,0.00000056,0.00000073,0.68020890,1048180.62326179
20170406,0.00000073,0.00000079,0.00000055,0.00000065,1.12415580,1800288.36134119
20170407,0.00000063,0.00000065,0.00000051,0.00000059,0.51396168,912434.39989205
20170408,0.00000063,0.00000074,0.00000057,0.00000070,0.41205700,604422.49612658
20170409,0.00000063,0.00000071,0.00000057,0.00000060,0.46546991,704678.55407988
20170410,0.00000060,0.00000068,0.00000060,0.00000060,0.92268786,1419223.83143737
20170411,0.00000066,0.00000073,0.00000062,0.00000068,0.48632084,740479.99156879
20170412,0.00000064,0.00000077,0.00000062,0.00000075,1.88952448,2645626.30337717
20170413,0.00000074,0.00000118,0.00000071,0.00000087,3.40360361,3896426.82690543
20170414,0.00000087,0.00000135,0.00000086,0.00000135,6.44534076,5586008.91902902
20170415,0.00000132,0.00000135,0.00000112,0.00000134,3.88806350,3109024.48150969
20170416,0.00000125,0.00000192,0.00000110,0.00000171,10.45421858,6981888.68326036
20170417,0.00000171,0.00000192,0.00000116,0.00000159,11.46472005,7444030.81388643
20170418,0.00000159,0.00000169,0.00000137,0.00000140,5.07333233,3493211.53302157
20170419,0.00000145,0.00000145,0.00000090,0.00000099,2.49140638,2174080.22983768
20170420,0.00000101,0.00000103,0.00000088,0.00000091,2.16353615,2267280.48187762
20170421,0.00000089,0.00000112,0.00000082,0.00000112,2.60286626,2611212.19808282
20170422,0.00000112,0.00000112,0.00000081,0.00000106,2.84944428,2857802.92101088
20170423,0.00000105,0.00000108,0.00000084,0.00000093,1.55795206,1698792.90301575
20170424,0.00000091,0.00000099,0.00000084,0.00000085,1.07190716,1214544.17766851
20170425,0.00000094,0.00000099,0.00000085,0.00000091,0.30116430,337427.75043883
20170426,0.00000085,0.00000093,0.00000085,0.00000086,0.14219618,157698.79289947
20170427,0.00000089,0.00000108,0.00000081,0.00000105,2.55975743,2780613.15760384
20170428,0.00000101,0.00000101,0.00000071,0.00000087,1.53602912,1848081.10689256
20170429,0.00000087,0.00000088,0.00000075,0.00000081,0.26969528,326615.37347390
20170430,0.00000081,0.00000085,0.00000073,0.00000085,0.38943309,491337.17950301
20170501,0.00000084,0.00000086,0.00000070,0.00000070,0.81581754,1082675.87353008
20170502,0.00000076,0.00000084,0.00000050,0.00000050,0.76776591,1269106.17714045
20170503,0.00000065,0.00000069,0.00000056,0.00000065,0.25831765,424829.46728955
20170504,0.00000065,0.00000068,0.00000055,0.00000058,0.82728232,1374382.92273287
20170505,0.00000058,0.00000067,0.00000055,0.00000063,0.87629596,1407930.70908341
20170506,0.00000064,0.00000064,0.00000060,0.00000062,0.32126665,512078.48700416
20170507,0.00000062,0.00000065,0.00000053,0.00000064,0.33259062,559287.59445796
20170508,0.00000064,0.00000065,0.00000057,0.00000063,0.41633413,677259.86723412
20170509,0.00000060,0.00000074,0.00000057,0.00000074,0.90782355,1405039.24652395
20170510,0.00000066,0.00000080,0.00000065,0.00000070,0.88091460,1266266.01464410
20170511,0.00000070,0.00000072,0.00000050,0.00000060,0.83755151,1481487.89078620
20170512,0.00000060,0.00000066,0.00000059,0.00000065,0.41883858,674742.51979073
20170513,0.00000065,0.00000105,0.00000064,0.00000097,3.56490701,3952649.84174137
20170514,0.00000095,0.00000243,0.00000094,0.00000192,67.11756630,36591422.03209084
20170515,0.00000193,0.00000230,0.00000147,0.00000172,35.84602572,18482075.52003143
20170516,0.00000175,0.00000181,0.00000100,0.00000119,12.83607698,9711984.94389690
20170517,0.00000119,0.00000120,0.00000100,0.00000106,7.91633504,7211557.93339824
20170518,0.00000106,0.00000127,0.00000098,0.00000127,1.97109214,1823192.57143313
20170519,0.00000127,0.00000231,0.00000082,0.00000110,32.92432196,23147610.77586582
20170520,0.00000111,0.00000129,0.00000110,0.00000120,5.54576461,4636002.55600714
20170521,0.00000120,0.00000180,0.00000103,0.00000160,15.81855007,11386866.91158620
20170522,0.00000165,0.00000332,0.00000149,0.00000278,133.67706537,50401621.00689384
20170523,0.00000276,0.00000340,0.00000190,0.00000216,53.77239408,20744756.09602396
20170524,0.00000216,0.00000238,0.00000209,0.00000209,17.34555422,7810318.53090105
20170525,0.00000209,0.00000215,0.00000122,0.00000168,7.52380482,4469863.66676880
20170526,0.00000161,0.00000175,0.00000147,0.00000163,1.77298934,1088526.58433460
20170527,0.00000162,0.00000170,0.00000119,0.00000128,2.39404570,1734721.01366657
20170528,0.00000128,0.00000150,0.00000112,0.00000133,5.21011286,3809552.04461028
20170529,0.00000136,0.00000142,0.00000127,0.00000128,1.17154340,865057.24759756
20170530,0.00000132,0.00000153,0.00000117,0.00000133,3.77491216,2811032.54320631
20170531,0.00000133,0.00000170,0.00000118,0.00000129,10.47708648,7520746.90177878
20170601,0.00000128,0.00000140,0.00000120,0.00000130,5.44671900,4355830.29197058
20170602,0.00000130,0.00000155,0.00000125,0.00000141,6.45141028,4755136.16590646
20170603,0.00000140,0.00000270,0.00000137,0.00000225,28.38194992,14108426.40365153
20170604,0.00000228,0.00000276,0.00000190,0.00000213,29.09143552,12393024.43414428
20170605,0.00000213,0.00000299,0.00000212,0.00000264,36.70505467,13711806.31978869
20170606,0.00000264,0.00000284,0.00000205,0.00000253,15.41282261,6561575.43912749
20170607,0.00000253,0.00000278,0.00000227,0.00000239,11.00059333,4380065.29088615
20170608,0.00000239,0.00000349,0.00000230,0.00000331,50.33588859,16059644.88829507
20170609,0.00000314,0.00000547,0.00000310,0.00000392,156.64631080,38365570.57830005
20170610,0.00000395,0.00000430,0.00000319,0.00000370,31.58313446,8549767.65215980
20170611,0.00000352,0.00000361,0.00000300,0.00000318,10.35463609,3245781.16753350
20170612,0.00000318,0.00000350,0.00000244,0.00000295,16.37452584,5543357.89402227
20170613,0.00000293,0.00000353,0.00000260,0.00000332,13.41705766,4536119.04278717
20170614,0.00000332,0.00000400,0.00000284,0.00000332,19.01735670,5496087.87319040
20170615,0.00000323,0.00000338,0.00000291,0.00000332,12.19726630,3808132.59582935
20170616,0.00000330,0.00000349,0.00000295,0.00000348,6.80491259,2082356.13762124
20170617,0.00000348,0.00000349,0.00000304,0.00000322,9.55845194,2972974.86853250
20170618,0.00000310,0.00000324,0.00000284,0.00000299,4.66408517,1535069.74296838
20170619,0.00000288,0.00000299,0.00000227,0.00000235,11.59462455,4523803.38521047
20170620,0.00000239,0.00000777,0.00000236,0.00000544,311.18478812,58469933.51085790
20170621,0.00000544,0.00000997,0.00000430,0.00000542,879.46588135,122359805.05062674
20170622,0.00000545,0.00000679,0.00000459,0.00000460,165.59033623,29067460.33869614
20170623,0.00000476,0.00000521,0.00000431,0.00000464,42.43285649,8917831.25932879
20170624,0.00000460,0.00000533,0.00000405,0.00000438,44.52491852,10094284.72482525
20170625,0.00000440,0.00000477,0.00000407,0.00000421,18.29450681,4271501.47959582
20170626,0.00000411,0.00000428,0.00000345,0.00000368,15.90821208,4110655.28751670
20170627,0.00000371,0.00000395,0.00000305,0.00000392,16.73584729,4637291.80104394
20170628,0.00000374,0.00000430,0.00000356,0.00000389,15.59567173,3941350.44262315
20170629,0.00000390,0.00000413,0.00000350,0.00000364,12.21582857,3180396.50489760
20170630,0.00000364,0.00000394,0.00000341,0.00000354,8.95767533,2478543.94070219
20170701,0.00000354,0.00000384,0.00000319,0.00000320,6.92572212,1976036.42009525
20170702,0.00000320,0.00000495,0.00000318,0.00000358,34.84429951,8699862.74589818
20170703,0.00000358,0.00000381,0.00000331,0.00000359,9.34463900,2645851.82420304
20170704,0.00000360,0.00000370,0.00000331,0.00000350,8.02777013,2282504.37266531
20170705,0.00000350,0.00000351,0.00000321,0.00000342,5.88666627,1742764.32267473
20170706,0.00000341,0.00000343,0.00000295,0.00000325,13.45014968,4353925.18293456
20170707,0.00000326,0.00000351,0.00000300,0.00000307,6.66767263,2080996.76757732
20170708,0.00000302,0.00000313,0.00000261,0.00000284,6.97469790,2463446.97686853
20170709,0.00000284,0.00000297,0.00000276,0.00000276,3.08764843,1075361.19444379
20170710,0.00000279,0.00000296,0.00000205,0.00000208,10.22614236,4247835.53604455
20170711,0.00000208,0.00000208,0.00000152,0.00000168,11.27740783,6053208.31014882
20170712,0.00000167,0.00000271,0.00000161,0.00000255,17.26505727,7847600.19143535
20170713,0.00000253,0.00000294,0.00000212,0.00000244,10.72504532,4210933.46354408
20170714,0.00000244,0.00000492,0.00000226,0.00000370,139.92510022,36264709.01137020
20170715,0.00000366,0.00000399,0.00000266,0.00000300,32.48237659,10263021.85597601
20170716,0.00000302,0.00000303,0.00000232,0.00000258,10.66364165,3890216.38955094
20170717,0.00000259,0.00000285,0.00000230,0.00000241,11.41227471,4597115.80172742
20170718,0.00000241,0.00000368,0.00000236,0.00000331,35.17900640,11810373.14426639
20170719,0.00000329,0.00000500,0.00000270,0.00000315,128.55187895,32127402.61622084
20170720,0.00000307,0.00000377,0.00000296,0.00000305,15.26831904,4676981.74275092
20170721,0.00000308,0.00000318,0.00000298,0.00000300,4.98271613,1644916.85271866
20170722,0.00000303,0.00000332,0.00000299,0.00000309,12.15882942,3910250.91958625
20170723,0.00000308,0.00000320,0.00000299,0.00000305,3.86040363,1257415.51899477
20170724,0.00000306,0.00000370,0.00000275,0.00000358,17.95095310,5410583.78617078
20170725,0.00000360,0.00000369,0.00000263,0.00000287,25.49652036,8313287.06926271
20170726,0.00000286,0.00000313,0.00000277,0.00000282,9.44607222,3211272.49490383
20170727,0.00000282,0.00000295,0.00000270,0.00000271,3.19019850,1117991.40593626
20170728,0.00000271,0.00000278,0.00000228,0.00000236,7.63326533,3036354.67063105
20170729,0.00000235,0.00000246,0.00000230,0.00000234,1.97337095,838797.16958616
20170730,0.00000235,0.00000259,0.00000227,0.00000245,3.92207302,1645163.67438133
20170731,0.00000237,0.00000244,0.00000227,0.00000228,3.20542120,1388710.93866015
20170801,0.00000229,0.00000270,0.00000207,0.00000245,8.34994682,3517428.47342789
20170802,0.00000242,0.00000275,0.00000227,0.00000265,10.18061421,4155942.79092833
